118.89794728774578,13.292383599467577
118.60625,12.33828125
118.2515625,11.404687500000001
117.83828125000002,10.5015625
117.36097974926236,9.61792421489954
116.82811204195025,8.770587170124054
116.2421334668994,7.9620067045092595
115.60549936294555,7.19463815689087
114.92066506892444,6.470936866104604
114.19008592367173,5.793358170986177
113.40398635864258,5.1550727844238295
112.58867448717356,4.577909602224827
111.73502155542374,4.05427280664444
110.85942760705947,3.593376123905183
109.95138736963273,3.1890956521034255
109.01324459314347,2.843775141239168
108.04446757280965,2.5583300853380946
107.06172483162956,2.328224934451283
106.08222956686515,2.138988330657595
105.10028500318296,1.9761112708831217
104.11413794882101,1.8322557869396416
103.12061480867416,1.7027273017709386
102.13335169571218,1.586291314777919
101.13882727780145,1.4792072202311837
100.13145266501233,1.3795488061383374
99.14384296046337,1.2892363311955712
98.15539575320436,1.2052337668137632
97.14198323175079,1.1249617193127057
96.14937492603639,1.0514565337711252
95.15252444416838,0.9822198942216351
94.1540331874159,0.917041699844413
93.15633300812915,0.8557200727984314
92.16169204498438,0.7980611300765308
91.15668837887935,0.7430522268870849
90.1585714516579,0.6914182139793414
89.16922667045874,0.6429833602829607
88.17457169415431,0.5968649832531813
87.16018568845465,0.552328061871231
86.17513846197399,0.5113506066380071
85.1732638589703,0.4718410807749026
84.17188636660576,0.43442097902298
83.17245781131643,0.39903353824338433
82.17643001953839,0.3656219952972608
81.169568867411,0.3336448730202394
80.16923764253734,0.30358878460247085
79.1769584091264,0.2753942207666116
78.16371456980706,0.24820529222488416
77.17739773538342,0.2232379171153299
76.17444929601625,0.19931558053940546
75.17254590317607,0.17684888392686854
74.17426543798793,0.1558454298385187
73.16835255855695,0.13604099508374937
72.172450371366,0.11774760205298669
71.17652441629907,0.10073565042112029
70.17247784985666,0.08486183993809396
69.17928345465334,0.07040586497168992
68.1674393874011,0.056943919532932374
67.1822337939404,0.04506206605583432
66.16841455769027,0.03410553631838413
65.16741234016372,0.024572377582080675
64.16542081562802,0.016347783990204343
63.16977503970266,0.009550909698009495
62.18203500499949,0.004289726354181769
61.18324236273766,0.0007613778114318852
60.17411465039477,0.0008333264850080013
59.170441169571134,0.004332668613642454
58.170474243164065,0.0095367431640625
57.16536764269695,0.016223338898271322
56.17488406673074,0.02412179484963417
55.16892948029563,0.033408652525395155
54.17313350811601,0.04382127895951271
53.17366762716411,0.055473572538176086
52.17137135808589,0.06836056505562738
51.17621546945448,0.08234824406827101
50.170396556134804,0.09770225005922839
49.172897063940766,0.1141519658267498
48.1755859375,0.1318359375
47.18274123523152,0.1506942868581973
46.16899764565751,0.17127035884186625
45.16609523892403,0.19297435879707336
44.17735582647147,0.2157227208954282
43.175197270978245,0.24019207106903195
42.17673051036691,0.26603377122228267
41.16846176119289,0.2936655152007006
40.167677824140995,0.3226793705835007
39.176238625364206,0.3530471671911073
38.18001597123221,0.3852628846652806
37.1804616881811,0.4193811029472272
36.17902760264697,0.45545640197815374
35.17716554106592,0.4935433616992668
34.17632732987404,0.5336965620517731
33.177964795507435,0.5759705829768791
32.183529764402195,0.6204200044157915
31.17882600239246,0.6678586240741424
30.18119576199679,0.7176557995262556
29.192161107424184,0.7698687512311153
28.182832580804828,0.8263041079044342
27.185933201212908,0.885432192881126
26.188358355833046,0.9482749055678141
25.19254456521158,1.0150265347692766
24.20109796848847,1.0858892786200158
23.202905483481302,1.162171928335738
22.202018852334007,1.244244447152596
21.216025405377152,1.3312953524291515
20.210492092405914,1.427349372243043
19.218002968223303,1.5305548495962285
18.221432124136484,1.6441517919884063
17.231135430850557,1.7690445019979961
16.238452386856082,1.909271478652954
15.261560722533616,2.066380532924086
14.271351182181391,2.252314400393516
13.298408308636866,2.4744527533766814
12.342405723780395,2.76451209038496
11.404455833975227,3.1225690314546224
10.49378145337105,3.543090736865997
9.626600915193558,4.015488541126251
8.778693276550621,4.551797924004495
7.966763434559107,5.142327798902988
7.193727104086429,5.78431590963155
6.473418377060444,6.464019109494984
5.786206054687501,7.199951171875
5.1560546875,7.966796875
4.566150494199246,8.785793195478618
4.037463929038495,9.629069088213146
3.5633130389265717,10.506288157217204
3.1464810269884764,11.414813683740794
2.7897510963492094,12.352008949033916
2.496339678473305,13.313923307752704
2.2591534070670605,14.278929475694895
2.047088723629713,15.25602697506547
1.8577270020614378,16.23252133751521
1.6860449500381947,17.21443270072341
1.5279159625060856,18.21137576987967
1.384930966887623,19.199895064812154
1.2534667280851863,20.191990236577112
1.1327558654011227,21.183133289578837
1.0220706462860107,22.169185876846313
0.9188412697403692,23.165249698620755
0.8228077623061836,24.16821547234431
0.7353286282159388,25.155962373595685
0.6527833841391839,26.163420088856945
0.5780374610912986,27.149587518943008
0.5079601146280766,28.149333601444958
0.4426328814588487,29.15915272431448
0.3831614553928375,30.156831282377244
0.32832378085004166,31.157104081602302
0.2781370494631119,32.15552685636794
0.2325916290283203,33.14724998474121
0.1909894953132607,34.14360957852332
0.15352681279182434,35.13697566390037
0.11937588191358373,36.149068121577145
0.08990632370114326,37.1362419269979
0.06349501432850957,38.152933028992265
0.041634678782429546,39.14377998282434
0.023463964462280273,40.1509964466095
0.00989886000752449,41.13922204598784
0.0011920928955078125,42.15353965759277
0.0030989758670330048,43.14800824970007
0.013131070882081985,44.13621995598078
0.028328504413366318,45.15448432415724
0.04737269366160035,46.14967561233789
0.07037433300865814,47.14658563972917
0.0972811202518642,48.14580373074859
0.12775883078575134,49.136681258678436
0.16282901167869568,50.148726832866664
0.20105132833123207,51.138329525291915
0.2440536065842025,52.14543332548347
0.29103830456733704,53.14632087945938
0.3417492189328186,54.13440027215984
0.3980330075137317,55.14083982910961
0.4589962027966976,56.14344919174909
0.5245922695030458,57.138201997638674
0.5961579154245555,58.14040475990623
0.6724260305054486,59.127905509807164
0.7549363723956048,60.116588599793616
0.8457111785537563,61.122429768810974
0.9434856474399567,62.123277485370636
1.0485197525122203,63.11599127009977
1.1610734672285616,64.09743064362556
1.2861034253728576,65.1006226070458
1.4198017120361328,66.08478164672852
1.5678189162281342,67.08089638913516
1.728643759561237,68.06560077227186
1.9062133828992955,69.04924281255808
2.1020629318081774,70.02347463734914
2.3213284998200834,70.99336625616998
2.5763222575187683,71.9731903910637
2.8874478220939634,72.9272358775139
3.258851706981659,73.85249718427659
3.6881901621818542,74.74663056135178
4.1811250522732735,75.62046201974154
4.728946208953857,76.45731229782105
5.32919829338789,77.25472605675459
5.9794259667396545,78.01024795770645
6.688266754150391,78.73200454711915
7.431753717362881,79.39563749879599
8.217812478542328,80.00997480154038
9.043987698853016,80.5725611165166
9.907824039459229,81.08094110488892
10.79278039932251,81.5261513710022
11.70952386856079,81.91408624649048
12.655710697174072,82.24240198135377
13.624647842557168,82.50889262261336
14.606464321096427,82.72444781784435
15.58296290691942,82.90418868865818
16.57067706908565,83.06170800446998
17.567178723053075,83.20221049005632
18.555274856090545,83.32725294828415
19.54488349829335,83.44094834805
20.551917732064616,83.5467887916835
21.543903867783953,83.64279497794342
22.540378178656105,83.73211867958307
23.536645114421844,83.81518067121506
24.52843982947525,83.89237842352595
25.52650377107493,83.96511784300384
26.52809702515078,84.03361673314066
27.53065400321502,84.09808445379603
28.516517084903896,84.15782431093685
29.51380922291428,84.21486617270857
30.52094307905354,84.26927238169883
31.520655392578924,84.32032702907745
32.511090813018384,84.36820519212634
33.52219620440155,84.41448554936797
34.50503859196324,84.45710939646233
35.52155117590446,84.49888462827076
36.506787109375004,84.537255859375
37.506973452898094,84.57418684564473
38.50477415050845,84.60909868597518
39.5144825066207,84.6425556366099
40.51872216041666,84.67404692142736
41.515977914142425,84.70363204970491
42.50473457004409,84.73137053071987
43.513884735107425,84.75810470581055
44.51072319869418,84.78300356597174
45.508364074773276,84.80646953664545
46.504384666625995,84.82849076950515
47.510418548047895,84.84934577914828
48.50882672106382,84.86869806402828
49.51009348550288,84.88678982896673
50.509771600761454,84.90356257578824
51.51563755720854,84.91915724724531
52.508659000694756,84.93330484181642
53.506011659465734,84.94627301897853
54.49738893080503,84.95792997498066
55.51193241197616,84.9685748713091
56.50776351413224,84.97773485335055
57.51322363894433,84.9856414956972
58.51071399271023,84.99207037154119
59.51290589571,84.9969496846199
60.51329238265753,84.99982060045004
61.499713373184214,84.99841332435608
62.503138945251706,84.99439785256982
63.5061811788939,84.98876170953736
64.49936909809476,84.98178950831061
65.49843787616119,84.9734791344963
66.50586921289798,84.96383805439109
67.49714012145998,84.95314598083496
68.49945291212062,84.94113400956849
69.50185475572944,84.92791762575507
70.5076676726123,84.91344264799409
71.50970849743608,84.89780228021118
72.5015798223205,84.88110547186807
73.50583531362936,84.86294687492773
74.50485434405273,84.84360538743204
75.50950726781885,84.82283853114495
76.502134825557,84.80098863568855
77.50984232422634,84.77741223887278
78.50022816598648,84.75282753497595
79.50156896528934,84.72649613195244
80.51227019056678,84.69835808500648
81.49929966838243,84.66930508879159
82.50797180193622,84.63793929233361
83.50529449559981,84.60518557258183
84.50553401062933,84.57051375775336
85.50723852058873,84.533869267907
86.49306331527185,84.49582747620298
87.50923521955265,84.45444394339575
88.49082226753235,84.41225171089172
89.49966998100281,84.36647295951843
90.5025381565094,84.31837677955627
91.49790472984314,84.26790595054626
92.48424763679506,84.21500325202942
93.49035194282187,84.15783973847283
94.48357184818015,84.09796638181433
95.49164981469514,84.03337812051177
96.48245305316523,83.96577804582193
97.48242755419342,83.8929713491234
98.48775909956314,83.8146000620327
99.46740294479532,83.73261458211346
100.4712088272092,83.64206337631913
101.46648546615616,83.54474706808105
102.47163704653505,83.43754114379408
103.45426182866795,83.3223899450968
104.45036267796532,83.19288132945076
105.44354078853505,83.04757114732638
106.43288643499837,82.88158291717991
107.40634284993867,82.68911224236945
108.3823567390442,82.44967145919799
109.32424690276385,82.1495596691966
110.26703996658325,81.77846479415894
111.16419115066529,81.3544581413269
112.02809038162233,80.87464094161987
112.88167926073075,80.32385586500168
113.68283617645503,79.7283406957984
114.44232788085938,79.08262329101562
115.1576990351081,78.38915898948908
115.82649430036545,77.65040313005447
116.4553973197937,76.85646486282349
117.01453580856324,76.04683809280395
117.5363500237465,75.1734270453453
117.986809694767,74.2915708899498
118.38021370172501,73.37770789861679
118.71421829462052,72.43418182134627
118.98686468005182,71.4618614733219
119.21531808199362,70.49100168114528
119.41948655658635,69.5125335276476
119.60171567989747,68.53853143247542
119.76965680122376,67.54513220787048
119.92164824289502,66.55590331762797
120.0590576171875,65.5775634765625
120.18767716902077,64.57934511393542
120.30568757109577,63.58329655796988
120.4138114639558,62.59349525524303
120.5145678071189,61.594738700764715
120.60821657404304,60.59013617709279
120.69344177246096,59.6018096923828
120.77232086434961,58.61378540322184
120.84644080271245,57.610112823767125
120.91448324834928,56.612914073932906
120.97782799378038,55.606776403635735
121.03540858821944,54.61387550523504
121.08841463356512,53.61959568610182
121.13764972062782,52.61096075987442
121.18212485089899,51.6113545589149
121.22252478599549,50.609958696365354
121.25867539187894,49.614835716504594
121.29091728319182,48.62021008437731
121.31933355107904,47.62517334744334
121.34409153208836,46.62248345786938
121.36491423109547,45.6189727413468
121.38165155062453,44.61255013076588
121.39361112713814,43.628287261724466
121.39999046325684,42.61431465148925
121.39873218536377,41.62274918556213
121.39116648025812,40.61585918003693
121.37882408089936,39.61194253051653
121.36239831149578,38.62218928560614
121.34165744925849,37.62068356511881
121.31701951920986,36.62595444843172
121.28786030970514,35.6152606437914
121.25497756898403,34.618558489531274
121.21764242649078,33.615236264467235
121.17676209476777,32.63093956537777
121.13024003393949,31.620262676570558
121.0796627168078,30.623688046599266
121.02425187523477,29.62824674820294
120.96402473151684,28.638093026727432
120.89771675956436,27.63806541521334
120.82503678910435,26.63129399409517
120.74725414402783,25.639987030718466
120.66278240047396,24.648157646786416
120.56951811476611,23.639778584602745
120.47070127199405,22.65590566986938
120.36224461495877,21.66177868768572
120.24340642429888,20.661112095136186
120.1158490896225,19.67606737017631
119.97402858734131,18.674579954147333
119.82215645313264,17.697145658731454
119.65389739610255,16.71409876616671
119.46769586466253,15.732839814107859
119.25843946472743,14.746490802254987
119.0272725429386,13.78152321306988
#
48.599999999999994,24.306630325317386
48.60000000000001,25.292490042001013
48.6,26.308870869874955
48.6,27.309732890874148
48.6,28.2995607547462
48.6,29.303980892244727
48.6,30.29032712681219
48.6,31.29674029601738
48.6,32.29939222648973
48.60000000000001,33.297755002975464
48.599999999999994,34.29460568800569
48.6,35.29526455393061
48.6,36.294363089557734
48.60000000000001,37.29990856238874
48.6,38.29510207818821
48.599999999999994,39.30227985767415
48.599999999999994,40.292052946332845
48.60000000000001,41.30106525635347
48.60000000000001,42.30005240353057
48.60000000000001,43.29957586154342
48.60000000000001,44.2969540762133
48.6,45.30269474711967
48.6,46.300688794942104
48.599999999999994,47.30105611011386
48.6,48.30041617685929
48.6,49.30761820236221
48.6,50.29358517909422
48.6,51.30243534473702
48.6,52.303400210291144
48.60000000000001,53.301019338436895
48.6,54.29708763891831
48.6,55.30946918232367
48.6,56.309309512376785
48.60000000000001,57.308263226598505
48.60000000000001,58.29761737836525
48.60000000000001,59.295380511134866
48.6,60.2912109375
49.122112315893176,60.39928974211217
49.97813171222806,59.90626591257751
50.84726143404841,59.40569119937717
51.71641128584743,58.90510489232838
52.58615091806278,58.404178901622075
53.45099145350978,57.9060745425988
54.32252160906792,57.40411730110645
55.18593070879579,56.906837376579645
56.04874409064651,56.40990055538714
56.92318806061521,55.90626510432922
57.78247664347291,55.41135838888586
58.65271769590909,54.910143605520716
59.51917583718896,54.411107587441805
60.389138355944304,53.91005322537385
61.248117815610016,53.41532454923727
62.11583033101633,52.91556607517414
62.98985359473154,52.412172929616645
63.844632959365846,51.91986329555512
64.72400324866176,51.41339053399861
65.57939512087032,50.92072812658735
66.45467650825158,50.416610365500674
67.32428459664807,49.91576013737358
68.1857970786281,49.41957256863825
69.05902211070061,48.91663916409016
69.91854975176976,48.42159476322122
70.78314440129326,47.92363202203997
71.64858494400978,47.42518208920956
72.51017822548746,46.92894798405469
73.38217511549593,46.426721927151085
74.25628170967101,45.92328078746796
75.12291331291199,45.424144864082336
75.98743054000661,44.92622671429999
76.84816308096052,44.43048835210502
77.72040100097657,43.928123474121094
78.58950753211975,43.4275621175766
79.45003986954688,42.93193906247616
80.08557696342469,42.43409812450409
79.21962342262267,41.935352730751035
78.35287307752296,41.43614841806702
77.47845190092922,40.93252609483898
76.621187307965,40.43878509509377
75.75620993869379,39.94060192671604
74.89305801121517,39.443470120383424
74.01338324127718,38.93682199339382
73.14767463728785,38.438217670843
72.28714463217185,37.94259595903568
71.41862730020657,37.442373951384795
70.54725379943848,36.94050693511963
69.67765755653382,36.43966352939606
68.81400141576304,35.942241321736944
67.96000412581489,35.45038212309591
67.08470453518676,34.94625387786073
66.22479045977816,34.45098691037856
65.34841869855299,33.946241149166596
64.49257765412331,33.453320041298866
63.613375114649536,32.94694389514625
62.75937159294263,32.455081107327715
61.88677420271561,31.952509192703292
61.02112501012161,31.453939088108015
60.153652791737116,30.954319012962515
59.28730120378313,30.45534436420421
58.42521891593933,29.958828616142274
57.54966809144244,29.45455567291938
56.68650132123148,28.95741531792446
55.81996510546887,28.458334332896627
54.95671911761165,27.96114835254848
54.08625146588311,27.45980305946432
53.22875327393413,26.96592751853168
52.34902606010437,26.45924918651581
51.4880601041019,25.963376389071346
50.624792855978015,25.46617816388607
49.76213733553887,24.96933226287365
48.89264939427376,24.468551233410835
#
176.29297075271606,77.39530992498622
175.49819831848143,76.81086878553035
174.7521682739258,76.14911306500436
174.061909866333,75.41381472274662
173.4480178833008,74.63273422122003
172.89558868408204,73.7968754708767
172.4104736328125,72.92584724426271
171.97977180480956,72.00818346366287
171.61470527648927,71.08486113622786
171.30192451477055,70.14532913044096
171.02385826110842,69.16926894038917
170.7877380371094,68.20727033615114
170.58151693344115,67.22576941531153
170.40496177673342,66.24282603412868
170.2534420013428,65.25298046022655
170.12489767074584,64.26145866494628
170.0159999847412,63.25959898978473
169.92659873962404,62.264747013151656
169.8539001464844,61.266876888275156
169.7967025756836,60.26894606351853
169.75383872985844,59.27377505153419
169.72417564392092,58.284051989018934
169.70623130798342,57.27029633373023
169.70003576278688,56.281959701143215
169.7,55.28647149801255
169.70000000000002,54.27682744711638
169.70000000000002,53.27798086125404
169.70000000000002,52.28232731670142
169.70000000000002,51.27987670898438
169.70000000000002,50.28588867187501
169.70000000000002,49.2806914433837
169.70028990311548,48.28344202041627
169.70936243757606,47.281491470336924
169.73151621818545,46.28711547851563
169.76791949272155,45.286041259765625
169.8197078727186,44.28068580627442
169.888028485328,43.27354164123536
169.97136133238675,42.29550209045411
170.0757636629045,41.29165382385254
170.2001795232296,40.29392242431641
170.34577980041504,39.3051025390625
170.51373517587783,38.32806434631348
170.71024742126465,37.3422119140625
170.93243212103846,36.376197814941406
171.18750334382057,35.411817932128905
171.48536376953126,34.455552911758424
171.84659423828126,33.51056904792786
172.2479866027832,32.599650820344685
172.70078125,31.708666992187503
173.20918045043945,30.843842997401957
173.76684646606446,30.02607036605478
174.39893798828126,29.23148264884949
175.07564773559574,28.506552811712027
175.823095703125,27.828671646118163
176.60447082519534,27.23327078223229
177.4601037502289,26.705224609375005
178.34569745063783,26.254052734375
179.28293719291688,25.860302734375
180.21824787929654,25.54053649902344
181.18219709172845,25.276791381835935
182.17275047302246,25.066210937500003
183.14640693664552,24.9115234375
184.1391368918121,24.80093688964844
185.1489039875567,24.731869506835938
186.1504949219525,24.70205993652344
187.13354687690733,24.707177734375
188.14684621691706,24.750134277343754
189.14643208310008,24.834042358398438
190.12951951548456,24.961483764648438
191.11245744004844,25.13909606933594
192.08961902931333,25.372372436523438
193.0376166820526,25.661083984375004
193.96949271932243,26.01507263183594
194.8786962032318,26.440380859375
195.74391303658484,26.93421630859375
196.57654903531073,27.513826978206634
197.32688641548157,28.150450801849367
198.03640973493455,28.873953296244146
198.67125358581544,29.643918609619142
199.2473175048828,30.466693115234374
199.75882565379143,31.32085577249527
200.21124137043952,32.198446214199066
200.61731003895403,33.110407082736494
200.9798003427684,34.05260176807642
201.2953897126019,35.00191802978516
201.57170321568847,35.96633453369141
201.81019874950871,36.93180274963379
202.01672577261925,37.90132446289063
202.1981920409016,38.89309120178223
202.3520300619304,39.87765045166016
202.4841332773678,40.875775527954104
202.5942622917704,41.87031288146973
202.6842650733888,42.85681304931641
202.75790418460963,43.861000061035156
202.81491394042968,44.866015625
202.8558923215605,45.85325050354004
202.8836012966931,46.86773834228516
202.89752632007,47.85925445556641
202.9,48.85086158514023
202.89999999999998,49.85888070315123
202.89999999999995,50.85209321975708
202.89999999999998,51.85493267774582
202.89999999999998,52.86745162755251
202.89999999999998,53.85838438179344
202.89999999999998,54.85876235961915
202.89999999999998,55.849138414859766
202.89770522117612,56.86248750686646
202.88501812592148,57.86779867857694
202.8606359633617,58.862738197483125
202.8231928028166,59.861468856036666
202.77224898338315,60.8469937324524
202.7038083262741,61.86114479154349
202.62034651637072,62.843654501438145
202.51556987836955,63.84832725375891
202.39002707228062,64.84426760226489
202.24202828407283,65.829114818573
202.0698056697845,66.80051317214966
201.8638342942111,67.79031675551087
201.62814161181447,68.7589725136757
201.357452172786,69.71450162976981
201.03814473822712,70.66293956190349
200.67145275399088,71.599477468431
200.26102929115297,72.50553026199341
199.7949298374355,73.3931845650077
199.26788368225098,74.25481033325197
198.68512268066405,75.06829223632813
198.0433469824493,75.8285686597228
197.3391258276999,76.53034363538026
196.56889372467995,77.16807919740677
195.74201183989643,77.72865295410156
194.86228400096294,78.21505432128906
193.9483132742345,78.62623596191406
193.0076408870518,78.96835021972656
192.0474059678614,79.24732971191406
191.07436003014445,79.46888732910156
190.09488091990352,79.63851623535157
189.09323937296864,79.76373291015625
188.09518292769786,79.84571838378906
187.10618409514427,79.88941650390626
186.10371170043942,79.89479942321778
185.11629774719475,79.85196732208134
184.11458806991578,79.7777096271515
183.11519347149877,79.66886419793592
182.13333629369737,79.52351587414742
181.1422879576683,79.33239453434945
180.1790018185973,79.09676885083319
179.21139638870952,78.801357088238
178.28437499999998,78.4515625
177.37126998901365,78.02781715393067
176.49911395311355,77.52945761084557
190.05097714066508,68.28318597078324
190.29225172400476,67.31290310621262
190.46407269313934,66.33190057426691
190.58837713599206,65.33874768018723
190.67642971873283,64.3448821425438
190.73656027913097,63.35303388834
190.77503636544571,62.34834429156035
190.79500153660774,61.35175234079361
190.8,60.356492042541504
190.8,59.34589969180524
190.8,58.346857937052846
190.8,57.33859385550022
190.8,56.35393969118595
190.8,55.338650822639465
190.80000000000004,54.34236257858575
190.8,53.339660895988345
190.8,52.34589175879955
190.8,51.35025147236883
190.8,50.34175267778337
190.8,49.346953965583815
190.8,48.34849536418915
190.8,47.339530730247496
190.8,46.34938716888428
190.8,45.344102004170416
190.8,44.34400990009308
190.79784259125591,43.350511932373045
190.78192405700685,42.356201171875
190.74754692912103,41.35392761230469
190.69086436107756,40.353990936279295
190.60590629577638,39.350341796875
190.48651983961463,38.35863571166992
190.3202922821045,37.367529296875
190.09242510199547,36.39228210449218
189.78352041244509,35.45799551010133
189.34257726669313,34.558263301849365
188.7229981303215,33.776040732860565
187.8944294333458,33.21224254369736
186.9460618019104,32.942802524566645
185.95044187307357,32.91483185887336
184.97025552988052,33.14154612421989
184.11865844726563,33.64701843261719
183.4489997982979,34.391761392354965
182.98830947875976,35.26622123718262
182.6560546875,36.221875
182.41632638946174,37.18712692260742
182.24051524475217,38.173571014404295
182.11341942176222,39.16521530151367
182.02357028126718,40.15451354980468
181.96153416633607,41.16033935546875
181.92349582314492,42.15116882324219
181.90399809479715,43.15619812011719
181.90000000000003,44.160746359825126
181.9,45.1476979970932
181.9,46.15602577365935
181.9,47.159819423779844
181.9,48.153356259688735
181.9,49.15234375
181.90000000000003,50.1520941581577
181.9,51.156852880492806
181.9,52.151367434859274
181.9,53.15859245671891
181.89999999999998,54.15319679863751
181.9,55.15628173351288
181.9,56.1602281589061
181.9,57.16071084327996
181.9,58.15683310925961
181.9,59.15561355985701
181.89999999999998,60.15328540802002
181.90290551558135,61.15303448885679
181.91962622627616,62.14886552840471
181.9542098522186,63.15478830337525
182.01040954589848,64.15925903320313
182.0923843316734,65.14967500120402
182.20908898934724,66.1439878538251
182.37146103158594,67.13167052716017
182.5974113576114,68.10385434776545
182.92134078145028,69.05943587422371
183.3489203631878,69.95210334658623
183.98500868678093,70.72867018580438
184.8124523699284,71.2778667986393
185.76771755814553,71.55534878373146
186.76589241027833,71.58525619506835
187.74134358763692,71.36557027101516
188.59274711608887,70.84951553344726
189.24060707092286,70.1034049987793
189.7075421154499,69.22650817632675
#
360.8999999999999,56.30774536132812
360.9,57.30538034439087
360.9,58.290606784820554
360.9002574920654,59.29676567390561
360.9051372528076,60.29344351664186
360.91703338623046,61.29284874796868
360.9374919891357,62.30150546059012
360.9681335449219,63.30504584312439
361.0114013671875,64.30178565979004
361.0713970184326,65.29540546312928
361.1549560546875,66.28513069152832
361.27871317863463,67.28085489273072
361.4730660915375,68.27027406692505
361.77219188809397,69.22241309881211
362.24403781294825,70.09981499910356
362.91513671875003,70.83798828125
363.77097167968753,71.32746582031251
364.7546875,71.55781250000001
365.74918022155765,71.5953857421875
366.7390625,71.46875000000001
367.6754595279694,71.12306518554689
368.4768820226193,70.52689666748047
369.0717831671238,69.73888397216798
369.48593244552615,68.81674447059632
369.7588254407048,67.86272862181069
369.94989366531365,66.87441229820253
370.0826866745948,65.88564488291742
370.1768009781838,64.887318199873
370.24159440994265,63.903757238388074
370.28667214363816,62.90101474300028
370.8982918664813,62.534851953387275
371.909375,62.593750000000014
372.8991249084473,62.65140533447267
373.9024401664734,62.70985088348391
374.8927198370919,62.76753707788886
375.902118717134,62.826337012648594
376.8814636230469,62.883386230468766
377.89379625320436,62.94235706329347
378.88760224860164,63.00024867467583
379.8920392870903,63.05875957012178
380.6448001384735,63.379797697067275
380.6977752685547,64.3702362060547
380.6974840961397,65.37091968879105
380.66419190093876,66.37377556487918
380.58949344754217,67.36709812283517
380.4660866938532,68.37283527478577
380.29161808714275,69.36007931455971
380.062152916193,70.32517018914224
379.7660889320076,71.28606688305737
379.40405600294474,72.21460707411171
378.9715855062008,73.10662426352502
378.452291392535,73.97563238069417
377.8634674072266,74.78016662597658
377.204649425298,75.51976287439467
376.4598628997803,76.20784759521486
375.67075042724616,76.81908569335938
374.8445739746094,77.35856933593752
373.9651229858399,77.83993530273438
373.0532405853272,78.25460052490234
372.112325668335,78.60627288818361
371.16870994567876,78.8923568725586
370.1806819915772,79.12999114990237
369.19841270446784,79.31126556396487
368.21493291854864,79.44423789978029
367.22112083435064,79.53461761474611
366.2198088645936,79.58549461364747
365.21370295314125,79.59986411305145
364.21481933593753,79.5777587890625
363.2196398402565,79.51524528013543
362.2317877829076,79.40849084258079
361.2402913101018,79.25082082673909
360.2650264970959,79.0394889600575
359.2966684496962,78.76607693070545
358.3540116362275,78.42897672131659
357.4530443727971,78.02954382300378
356.5626395128668,77.54586459174753
355.73279690742504,76.99814181327821
354.944309949875,76.37012486457826
354.22764403158806,75.68439944451676
353.5722766794265,74.93380432948472
352.9850755393506,74.12933638691904
352.45747413635263,73.27120893588291
351.99506988525394,72.39488616213204
351.57484283447275,71.47042809054257
351.210646057129,70.54229990020396
350.8875244140626,69.59017853736879
350.60699195861827,68.63405351573601
350.3613342285157,67.66414138674737
350.15145416259776,66.7015357322991
349.9676975250245,65.71705598616974
349.81153717041025,64.73086934164168
349.6784240722657,63.72788473963739
349.56916503906257,62.72944312095643
349.4816177368165,61.739161475747835
349.4124759674073,60.73985211970286
349.3616470336915,59.75445115193726
349.32598609924327,58.74267159169541
349.306056213379,57.74917415156961
349.3,56.74061203002931
349.30000000000007,55.75124975293876
349.3000000000001,54.73602857589722
349.3000000000001,53.754832172393805
349.30000000000007,52.74793845415117
349.30000000000007,51.741776303946985
349.30000000000007,50.752688694000256
349.30000000000007,49.75127058029177
349.30000000000007,48.754239380359664
349.30000000000007,47.74875253438951
349.303629543644,46.744926355022486
349.31987120509154,45.75506470799448
349.35043087387464,44.75605163192378
349.39734101295477,43.739707326889054
349.4596265262925,42.750963645521566
349.540995836258,41.74947047233583
349.64138579741126,40.758329626172795
349.7644675068558,39.76046153977515
349.9095916743391,38.777861595619484
350.08128208294517,37.79487377032639
350.28198015196256,36.8154767801054
350.5142339162529,35.84377618506552
350.78529202342037,34.86864779591562
351.08919399855665,33.92592345597224
351.438501205016,32.99019352002071
351.8377017445863,32.068526130169644
352.2915267623962,31.168271669000404
352.7978357851506,30.308228057622927
353.3627685546876,29.492201614379894
354.0000682830811,28.720294428616775
354.69654998779305,28.01410344243051
355.46228590011606,27.36557264598088
356.28873100280765,26.783906354755178
357.14108695983896,26.287175915390264
358.04962882995613,25.85182781144978
358.975210094452,25.491232253331706
359.92515983581546,25.19441822096707
360.90973510742197,24.953623819351215
361.8817058563233,24.77355974540116
362.8803645133973,24.64062279136853
363.87122831344607,24.554736434575183
364.88260307312015,24.509091220051065
365.8749062650838,24.501209651771944
366.86711443066605,24.526579457521454
367.87665019407876,24.58900790587069
368.8645762078465,24.690218221396222
369.8475142948331,24.835668515414014
370.8376935482026,25.034245061874405
371.8069171480835,25.288058429211397
372.7475830078126,25.601879882812515
373.66688258051875,25.987651318311705
374.55229820683604,26.45316605046393
375.3922556929291,27.00757883936168
376.1613407664002,27.641625489294544
376.86639385744934,28.356861104071157
377.4990300357343,29.137939989566817
378.0545951448381,29.964915926754486
378.53956941962247,30.829016983509078
378.9670230865479,31.73824386596681
379.33417968750007,32.67070312500001
379.64657823443423,33.61916195154191
379.9066435284914,34.59183502197266
380.12025871276865,35.55634765625001
380.301902768761,36.53667144775392
380.45494079589855,37.525390625000014
380.5825037546457,38.51541900634767
380.68998508527886,39.52579498291017
380.77578318910685,40.512933731079116
380.8456140421332,41.51084136962892
380.9001043736936,42.50210571289064
380.94205687949443,43.51213722229005
380.9714310462588,44.508844375610366
380.9900270934218,45.50391273498537
380.99896751716744,46.51090240478517
381.0000000000001,47.51532880067826
381.0000000000001,48.50267992019655
381.0000000000001,49.51070402413608
381.0000000000001,50.505280874110774
381.0000000000001,51.51001022327693
381.0000000000001,52.50343904495241
381.0000000000001,53.516646480560325
381.0000000000001,54.514900970458996
381.0000000000001,55.50292358398438
380.5984948799015,56.100000000000016
379.5866070315243,56.100000000000016
378.5954352105038,56.100000000000016
377.5903089880945,56.100000000000016
376.58896970003855,56.10000000000001
375.58712801579395,56.100000000000016
374.5849708691241,56.100000000000016
373.6011326322333,56.100000000000016
372.5922532081605,56.100000000000016
371.5973552539946,56.100000000000016
370.5967443823816,56.100000000000016
369.5992496475578,56.100000000000016
368.5849845992402,56.100000000000016
367.59300895929346,56.100000000000016
366.5926686277847,56.100000000000016
365.5871896488593,56.100000000000016
364.586649799347,56.10000000000001
363.58991901073614,56.100000000000016
362.5963917793707,56.100000000000016
361.5918874964119,56.10000000000002
362.3374603271484,33.98586249947547
361.8521484374999,34.87085876464844
361.53431396484376,35.79977211952209
361.3177093505859,36.78520572781563
361.1792770385742,37.78263397216797
361.08863983154293,38.771586608886714
361.0238719940186,39.767777633666995
360.97736206054685,40.764227294921874
360.9444133758545,41.75968132019043
360.92179412841796,42.76606903076171
360.90788383483886,43.7688060760498
360.90109977722165,44.77415580749511
360.9,45.76435997486114
360.9,46.77188720703124
360.9,47.76338293552398
360.9,48.76409168243408
361.46386636495595,49.2
362.4732636451721,49.19999999999999
363.46898063421247,49.19999999999999
364.4666108295321,49.199999999999996
365.4675421133637,49.2
366.4731738090515,49.19999999999999
367.4566191077232,49.199999999999996
368.4578392386436,49.199999999999996
369.46462125778197,49.199999999999996
369.7,48.431013298034664
369.70000000000005,47.43349590301514
369.7,46.43836669921875
369.7,45.44267578125
369.69713897705077,44.42679443359375
369.6876220703125,43.427148437499994
369.67033576965326,42.429891967773436
369.64359893798826,41.42855224609375
369.6057361602783,40.43653259277344
369.5533279418945,39.44134521484375
369.480451965332,38.43060302734375
369.38292492628096,37.45368753075599
369.22019090652464,36.46779456138611
368.9568841576576,35.49846450686455
368.55944598913186,34.5769443333149
367.982861328125,33.7722900390625
367.1631482124328,33.1918707370758
366.21016769409175,32.8827938079834
365.2185394644737,32.79471208453178
364.23295288085933,32.832052612304686
363.2727152824401,33.140578222274776
362.50116186141963,33.772355222702025
#
147.0975227355957,55.29101991653442
146.83443288356065,54.33731920290738
146.56686388254167,53.3673815742135
146.30003183931112,52.40011541750282
146.03849554341286,51.45204634487163
145.77121251821518,50.483145378530025
145.50660833660513,49.5239552201936
145.23749417066574,48.54841636866331
144.975,47.596875
144.70770307388156,46.627923642820676
144.44145272916649,45.66276614322851
144.17410642746836,44.6936357995728
143.91140424013136,43.74134037047624
143.6417640050873,42.76389451844152
143.37474900800734,41.79596515402663
143.11144418567417,40.84148517306894
142.84350570198148,39.87020816968288
142.58084435295314,38.91806077945512
142.31471242215486,37.95333253031131
142.04552697520703,36.977535285125484
141.7834536984563,36.02751965690404
141.51439398161602,35.052178183358045
141.2485115636373,34.08835441818519
140.98626446481794,33.137708684965034
140.7181247755885,32.165702311508355
140.44940337557347,31.191587236453778
140.18545403459575,30.234770875409595
139.92165812700986,29.27851071041077
139.653408661671,28.30610639855731
139.38605946302414,27.336965553462505
139.11998448800296,26.372443769010715
138.85555769354104,25.413896639086307
138.5883151341928,24.445142361448962
138.32356541920453,23.485424644616433
138.05697173718363,22.51902254729066
137.79378905612975,21.564985328470357
137.525247810781,20.591523314081133
137.26127631422133,19.634626639052293
136.99350439775736,18.663953441870397
136.7273200198775,17.69903507205599
136.46357557934243,16.742961475116317
136.19504837226123,15.769550349446945
135.93140745162964,14.813852012157438
135.66247471328825,13.838970835669897
135.39817658942192,12.880890136654488
135.13371796850114,11.922227635816672
134.8662885054946,10.952795832417905
134.60142503529786,9.992665752954782
134.33536618407817,9.02820241728332
134.06706029176712,8.055593557655811
133.80312354117632,7.098822836764157
133.539013671875,6.141424560546875
134.35581865310667,6
135.359375,6
136.35034649819136,6
137.3635889813304,6
138.3573490517214,6
139.36284456755968,6
140.3533286690712,6
141.35459791552276,6
142.36633720248938,6
143.35431707054377,6
144.36477025002242,6
145.3658630371094,6
145.60013892650605,6.929812096059322
145.81339971125126,7.920586158521473
146.02259529531005,8.892473976127803
146.23335465304552,9.871626825607382
146.44152851104735,10.838767874240876
146.65487378537654,11.82993446122855
146.86623992919925,12.811906337738037
147.07543719522656,13.783801969490014
147.2833104848862,14.74954662770033
147.49487655945126,15.732447349117137
147.70510012246672,16.709110985626467
147.9159754622728,17.688802668475546
148.12605418600145,18.664793405798264
148.337324526906,19.64632019791752
148.5481122970581,20.625605046749115
148.75984172821046,21.60926469564438
148.97011385262013,22.586153940297663
149.17910665385426,23.557099662697873
149.3911732465029,24.542325707711278
149.60178191661836,25.52077848762274
149.81126175224784,26.493986890651286
150.02059475481514,27.46651313174516
150.23157110214237,28.44483413696289
150.44188804626467,29.416714477539063
150.6523955345154,30.402579498291015
150.85608978271486,31.37027587890625
151.06217613220218,32.36456604003906
151.2607849121094,33.338916015625
151.4575912475586,34.32193603515625
151.64917821884157,35.29777603149414
151.8377868652344,36.279150390625
152.02268590927125,37.26410903930664
152.2031234741211,38.25064697265625
152.37611694335936,39.224072265625
152.54750366210936,40.220166015625
152.7117733001709,41.210757446289065
152.86808128356932,42.19359436035156
153.2701110839844,41.92444238662719
153.42738609313966,40.93514940589666
153.59756431579592,39.937600897252565
153.7724060058594,38.9611310005188
153.9540466308594,37.98185911178589
154.14356536865236,36.987694108486174
154.3327419281006,36.016540424525736
154.52993736267092,35.02182245403528
154.72443914413455,34.05480927731842
154.9235866546631,33.076581422984596
155.1263327598572,32.09095370527357
155.3316646575928,31.10165542513132
155.5347640991211,30.130619895458217
155.74221487045287,29.145409379713236
155.94948675632477,28.178299331665038
156.1688217163086,27.1956787109375
156.3839641135186,26.231840771436687
156.60577315986157,25.238136243820186
156.82290393076838,24.265390390157698
157.04083374850455,23.28906480669975
157.25636861785313,22.32346859201789
157.47516838051376,21.343245655298233
157.69099209606648,20.376355409622192
157.9120784174651,19.385888689756392
158.12947564907373,18.411949092149733
158.34507228839212,17.44607614800334
158.56468883841302,16.462194003909826
158.78317383150574,15.483381234854459
158.9990185250994,14.516397007554769
159.2176816313062,13.536786291748285
159.43361918590963,12.569386047124862
159.65440489850008,11.580266054719687
159.87005933336914,10.614134186506272
160.0911065299064,9.623842746019363
160.30679967403412,8.657537460327148
160.5241873502731,7.6836406707763665
160.7448771238327,6.6949504852294925
161.17090681791308,6
162.17350845336915,6
163.18035949897023,6
164.18322833925487,6
165.1793606920168,6
166.17148084957154,6
167.1810491388664,6
168.18211705628784,6
169.18113949913533,6
170.18849449902774,6
171.17030739933256,6
172.17695911079647,6
172.69685461521152,6.36848315000534
172.4308833360672,7.318655908107758
172.15749780829066,8.295315800816752
171.8892065885011,9.253776462818497
171.61745410957374,10.22460234768223
171.34924093186856,11.182784207165241
171.08012301027776,12.14419823139906
170.81177766764887,13.10285224528343
170.54052080688416,14.071907552218182
170.2728822549514,15.02803658194898
170.00320878273925,15.991435290648951
169.73304918616196,16.956570661030128
169.46380508036236,17.918435473777937
169.19223786704242,18.888599503971633
168.92380206866073,19.847576667755494
168.65486843952095,20.808332313885327
168.38615392078646,21.768305196030997
168.11350902770064,22.74231919814192
167.8471228059847,23.693974323547444
167.5778936260671,24.655785814122645
167.30622241795064,25.62632136195898
167.03750255308114,26.586313342978244
166.76719459332526,27.55197873543948
166.49567799498328,28.521961945458315
166.22838091251324,29.4768710879056
165.96064383722842,30.43335208874196
165.68777389680037,31.40817006432917
165.4202418109111,32.363918747977
165.1483256513311,33.33532937604177
164.88246081252584,34.28512187988963
164.61298828125,35.247802734375
164.3403771076526,36.22169627483527
164.07003301098013,37.187490765121765
163.80235692123534,38.14375389732595
163.5329696325178,39.1061302258604
163.2624763220083,40.072457777173256
162.9915317773819,41.040397346019745
162.7253863148857,41.9911923678359
162.4556140530389,42.95494399892631
162.18332629390062,43.927682152949274
161.91818977170624,44.87487277209293
161.64445051141084,45.85279636140912
161.37623043164496,46.81100287825393
161.1071857156756,47.772155378057505
160.83966640974396,48.727858405769794
160.56959985382855,49.692661391757426
160.29827049672605,50.66197568923235
160.02596863545477,51.634764222614464
159.76160489022732,52.579194124042985
159.4911493062973,53.545386898517606
159.22235451601446,54.50564654786139
159,55.476393556594836
159,56.48650107309222
159,57.477929687499994
159,58.482801008224484
159,59.492012827843425
159,60.4791201531887
159,61.48520358903334
159,62.476899816840884
159,63.48790206313134
159,64.49195294380188
159,65.47975920811295
159,66.47799074053765
159,67.48021492883564
159,68.4799991607666
159,69.48787977090106
159,70.47980812117459
159,71.4813888735138
159,72.48236945047975
159,73.48568328022958
159,74.48870531395079
159,75.49356160089374
159,76.4852934844792
159,77.47686149105431
159,78.4903778076172
158.41483616530894,78.9
157.40859949588776,78.9
156.41043992340565,78.9
155.41155009157956,78.9
154.42092279531062,78.9
153.41100462973117,78.9
152.4100004196167,78.9
151.4100959394127,78.9
150.42440185546874,78.9
149.41948974132538,78.9
148.41836297512054,78.9
147.42518389225006,78.9
147.2,78.11478576660156
147.2,77.10679396912457
147.2,76.12338200882077
147.2,75.10825171470643
147.2,74.12418785095215
147.2,73.1116834848188
147.2,72.12138068964705
147.2,71.10707177519798
147.2,70.11223106384277
147.2,69.11356273302809
147.2,68.1186957015656
147.2,67.1172851507552
147.2,66.1157636928372
147.2,65.12056394005194
147.2,64.12132956758141
147.2,63.125677823275325
147.2,62.11026184884832
147.2,61.11856645075604
147.2,60.11850240146741
147.2,59.11797717884183
147.2,58.1232701011002
147.2,57.11266576647758
147.2,56.11236541867256
#
241.60000000000002,25.70970869064331
241.60000000000002,26.693754558451474
241.6,27.69214574340731
241.6,28.699074536492116
241.59999999999997,29.70616284608841
241.59999999999997,30.690379436523653
241.6,31.697678157073096
241.6,32.69542789894622
241.60000000000002,33.708383757970296
241.6,34.69640126146551
241.6,35.694042587582956
241.60000000000002,36.695312371404725
241.6,37.69477499534842
241.6,38.70455509333406
241.6,39.7039475440979
241.6,40.706618632198655
241.59999999999997,41.6917574763298
241.59999999999997,42.69266306449717
241.59999999999997,43.70778687719721
241.6,44.69800186211069
241.6,45.698596213757995
241.60000000000002,46.70818427360791
241.6,47.70612605361676
241.6,48.69072736408562
241.60000000000002,49.69931221753359
241.59999999999997,50.691833999336815
241.6,51.70592732873338
241.6,52.70133372663986
241.60000000000002,53.696304370459984
241.6,54.709056093273105
241.6,55.699382016249004
241.60000000000002,56.70483064651489
241.6,57.70464181881398
241.6,58.697506837546825
241.6,59.700962285485005
241.60000000000002,60.69445667869877
241.6,61.69501741975546
241.6,62.70048307791876
241.6,63.690660625346936
241.59999999999997,64.699058699343
241.6,65.70480629276426
241.6,66.7049788793549
241.6,67.69644088745117
241.60000000000002,68.69164125819225
241.60000000000002,69.70061388450267
241.59999999999997,70.70113449047786
241.59999999999997,71.70062053650618
241.6,72.70280347138177
241.6,73.6945309638977
241.59999999999997,74.70588556455914
241.6,75.70606966596097
241.6,76.709765625
241.6,77.70887429919094
241.6,78.70024943817407
240.89347221851347,79
239.89773091375827,79
238.90633727014065,79
237.89836453534662,79
236.9,79
235.90163546465337,79
234.89366272985936,79
233.9022690862417,79
232.90652778148652,79
232.15443356037142,78.7038181424141
232.00243217945095,77.71580916643143
231.85024852752684,76.72661542892456
231.69707032740115,75.73095712810755
231.54694500267505,74.75514251738787
231.39281005859374,73.75326538085938
231.24296875,72.779296875
230.70686591416595,72.86859882697463
230.20851209908722,73.7363060079515
229.6606528162956,74.57199750542641
229.06049194335935,75.37004699707032
228.40519954413173,76.12463220730424
227.69191642850635,76.82973262742162
226.91775884628294,77.4791271686554
226.10242653042076,78.05197391435505
225.24637235403057,78.54804642796518
224.32526960372923,78.97737374305726
223.38806049972771,79.31712812110783
222.42495744582263,79.57639561714605
221.4519187584519,79.7560424976051
220.4579138755798,79.86295590400697
219.45971068143842,79.8998855650425
218.45888481140133,79.86974135562778
217.45221557617185,79.7634159564972
216.4687389373779,79.57284133657814
215.51525268554684,79.28988709449769
214.59880180358886,78.90626987144351
213.72667846679684,78.41356863975525
212.9188034057617,77.81372793316842
212.20123710632322,77.1271260432899
211.57020986452693,76.35943639650941
211.02183628678318,75.50708714127542
210.5743693731725,74.6183932684362
210.20717454478142,73.69395356699825
209.9102787673473,72.74736067652702
209.66978152319786,71.77008593603969
209.483512391895,70.79325894340873
209.34042317941783,69.8046069867909
209.23424047986043,68.7989375547506
209.16197085976597,67.7950244486332
209.119445079565,66.81382679343224
209.10101023139427,65.80585165442899
209.09999999999997,64.80919647216797
209.09999999999997,63.80257568624802
209.09999999999997,62.795674620941284
209.09999999999997,61.809269479243085
209.09999999999994,60.797778201894836
209.09999999999997,59.79763038158417
209.09999999999997,58.80471257011523
209.09999999999997,57.80257639917545
209.09999999999997,56.80261528004776
209.09999999999997,55.81471814475954
209.09999999999997,54.80816172505729
209.09999999999997,53.800788254709914
209.09999999999997,52.79760400950909
209.09999999999997,51.80309779644013
209.09999999999997,50.8071507371089
209.09999999999997,49.79855607044883
209.09999999999997,48.808615284581904
209.09999999999994,47.811361846327785
209.09999999999997,46.80907889149967
209.1,45.80404955591075
209.09999999999997,44.81312184878625
209.09999999999994,43.794884285703304
209.09999999999997,42.80976104736328
209.09999999999997,41.802131122210994
209.09999999999997,40.803423600271344
209.09999999999997,39.80201010599849
209.09999999999997,38.800922887335766
209.09999999999997,37.80341579280794
209.09999999999997,36.812971777515486
209.09999999999997,35.794671312347056
209.09999999999997,34.80596948466264
209.09999999999997,33.80209633745253
209.09999999999997,32.80396717669792
209.09999999999997,31.809793033218014
209.09999999999997,30.801383717125283
209.09999999999997,29.809393763542175
209.09999999999997,28.80646157148294
209.09999999999997,27.811720272526145
209.09999999999997,26.80601926743984
209.09999999999997,25.814172363281248
210.00195035934442,25.7
211.0014356732368,25.700000000000003
212.00486526489254,25.700000000000003
212.99605611562725,25.7
213.9981671109795,25.7
214.99453607797622,25.7
215.99351939409968,25.700000000000003
217.00384358167645,25.699999999999996
217.9940959498286,25.700000000000003
218.99602770656344,25.699999999999996
219.99257812499997,25.7
220.9962593078613,25.7
221.09999999999994,26.590122401714325
221.09999999999997,27.585874271392818
221.09999999999997,28.590995091316287
221.09999999999997,29.59200448989868
221.09999999999997,30.59270237882156
221.09999999999997,31.595999713800847
221.09999999999997,32.600290323793885
221.09999999999997,33.588939440040846
221.09999999999997,34.596846886747514
221.09999999999997,35.59184431640897
221.09999999999997,36.59152985811234
221.09999999999997,37.59054164569825
221.09999999999997,38.59760830513842
221.09999999999997,39.59529036283493
221.09999999999997,40.59357378333807
221.09999999999997,41.603466796875
221.09999999999997,42.59401694319676
221.09999999999997,43.59078990872949
221.09999999999997,44.59144377226475
221.09999999999997,45.593636612594125
221.09999999999994,46.59502650850918
221.09999999999997,47.59327153880149
221.09999999999997,48.58602978226263
221.09999999999997,49.59896185847465
221.09999999999997,50.601063033868556
221.09999999999997,51.58978486119304
221.09999999999997,52.58934899624437
221.09999999999997,53.59550928324461
221.09999999999997,54.6035156232072
221.09999999999997,55.59572289727221
221.09999999999997,56.60335872322321
221.09999999999997,57.594292265261174
221.09999999999997,58.60448876470327
221.09999999999997,59.58761183905881
221.09999999999997,60.59705669672694
221.09999999999997,61.60028289556503
221.09999999999997,62.58578504323959
221.09999999999997,63.58693910837173
221.09999999999997,64.58963133096695
221.11140400767323,65.58867645263672
221.16342431902882,66.58806610107422
221.26964221000665,67.58981323242188
221.4471033275127,68.56824188232422
221.73261942863462,69.51959838867187
222.21521978974343,70.40022125244141
222.9787715911865,71.04807128906249
223.90834465026853,71.35568847656249
224.92187499999994,71.38192405700683
225.89453124999994,71.19548392891882
226.82031249999997,70.81534752845764
227.67269134521482,70.29247131347655
228.46188964843748,69.67563476562499
229.10935058593745,68.91977539062499
229.58103027343745,68.04672851562499
229.59999999999994,67.03702870607376
229.6,66.04461875166741
229.59999999999997,65.04235851478295
229.59999999999997,64.03953001566695
229.59999999999997,63.044083282235064
229.59999999999997,62.051508873631235
229.59999999999997,61.03871325647923
229.59999999999997,60.043693554401386
229.59999999999997,59.05511396063956
229.59999999999997,58.05580317403654
229.59999999999997,57.05168822314589
229.59999999999997,56.048130208440114
229.59999999999997,55.049957098602306
229.59999999999997,54.04683295889116
229.59999999999997,53.04196107845345
229.59999999999997,52.038326289155506
229.59999999999994,51.03870249986648
229.59999999999994,50.0456601199432
229.59999999999994,49.04615764615591
229.59999999999994,48.04222361039428
229.59999999999997,47.05137668982206
229.59999999999997,46.04465552326291
229.59999999999997,45.05499777849762
229.59999999999997,44.03811019856948
229.59999999999997,43.042343104214524
229.59999999999997,42.05428443104029
229.59999999999997,41.046036688206364
229.59999999999997,40.05035591556224
229.59999999999997,39.054946843697685
229.59999999999997,38.048622821271415
229.59999999999997,37.04952752378594
229.59999999999997,36.047744114696975
229.59999999999997,35.04838654044142
229.59999999999997,34.04449141088116
229.59999999999997,33.04393787996378
229.59999999999997,32.05562163155991
229.59999999999997,31.04660386282194
229.59999999999997,30.047769763669926
229.59999999999997,29.05456709433347
229.59999999999997,28.049656050396152
229.59999999999997,27.04762949447613
229.59999999999997,26.040491454303265
230.24517211914056,25.7
231.25594973415133,25.7
232.2631889343261,25.7
233.2492710933089,25.7
234.25668868273493,25.7
235.2486163139343,25.699999999999996
236.24925844222307,25.7
237.2507580503821,25.699999999999996
238.2573309898376,25.700000000000003
239.25779227018356,25.7
240.24677387475967,25.7
241.25380477905273,25.7
#
303.1000000000001,25.70970869064331
303.1,26.693754558451474
303.1,27.69214574340731
303.1,28.699074536492116
303.1,29.70616284608841
303.1,30.690379436523653
303.1,31.697678157073096
303.1,32.69542789894622
303.1,33.708383757970296
303.1,34.69640126146551
303.1,35.694042587582956
303.1,36.695312371404725
303.1,37.69477499534842
303.1,38.70455509333406
303.1,39.7039475440979
303.1,40.706618632198655
303.1,41.6917574763298
303.1,42.69266306449717
303.1,43.70778687719721
303.1,44.69800186211069
303.1,45.698596213757995
303.1,46.70818427360791
303.1,47.70612605361676
303.1,48.69072736408562
303.1,49.69931221753359
303.1,50.691833999336815
303.1,51.70592732873338
303.1,52.70133372663986
303.1,53.696304370459984
303.1,54.709056093273105
303.1,55.699382016249004
303.1,56.70483064651489
303.1,57.70464181881398
303.1,58.697506837546825
303.1,59.700962285485005
303.1,60.69445667869877
303.1,61.69501741975546
303.1,62.70048307791876
303.1,63.690660625346936
303.1,64.699058699343
303.1,65.70480629276426
303.1,66.7049788793549
303.1,67.69644088745117
303.1,68.69164125819225
303.1,69.70061388450267
303.1,70.70113449047786
303.1,71.70062053650618
303.1,72.70280347138177
303.1,73.6945309638977
303.1,74.70588556455914
303.1,75.70606966596097
303.1,76.709765625
303.1,77.70887429919094
303.1,78.70024943817407
302.39347221851347,79
301.3977309137583,79
300.4063372701406,79
299.3983645353467,79
298.4,79
297.4016354646534,79
296.3936627298594,79
295.40226908624174,79
294.40652778148655,79
293.6544335603714,78.7038181424141
293.502432179451,77.71580916643143
293.3502485275269,76.72661542892456
293.1970703274012,75.73095712810755
293.0469450026751,74.75514251738787
292.8928100585938,73.75326538085938
292.74296875000005,72.779296875
292.20686591416603,72.86859882697463
291.7085120990873,73.7363060079515
291.1606528162957,74.57199750542641
290.5604919433594,75.37004699707032
289.9051995441318,76.12463220730424
289.19191642850643,76.82973262742162
288.417758846283,77.4791271686554
287.60242653042087,78.05197391435505
286.74637235403065,78.54804642796518
285.82526960372934,78.97737374305726
284.88806049972777,79.31712812110783
283.9249574458227,79.57639561714605
282.95191875845194,79.7560424976051
281.9579138755799,79.86295590400697
280.9597106814385,79.8998855650425
279.95888481140145,79.86974135562778
278.9522155761719,79.7634159564972
277.96873893737796,79.57284133657814
277.0152526855469,79.28988709449769
276.0988018035889,78.90626987144351
275.2266784667969,78.41356863975525
274.41880340576176,77.81372793316842
273.7012371063233,77.1271260432899
273.070209864527,76.35943639650941
272.5218362867833,75.50708714127542
272.07436937317254,74.6183932684362
271.7071745447815,73.69395356699825
271.41027876734734,72.74736067652702
271.1697815231979,71.77008593603969
270.9835123918951,70.79325894340873
270.8404231794179,69.8046069867909
270.7342404798605,68.7989375547506
270.66197085976603,67.7950244486332
270.6194450795651,66.81382679343224
270.60101023139435,65.80585165442899
270.6,64.80919647216797
270.6,63.80257568624802
270.6,62.795674620941284
270.6,61.809269479243085
270.6,60.797778201894836
270.6,59.79763038158417
270.6,58.80471257011523
270.6,57.80257639917545
270.6,56.80261528004776
270.6000000000001,55.81471814475954
270.6,54.80816172505729
270.6,53.800788254709914
270.6,52.79760400950909
270.6,51.80309779644013
270.6,50.8071507371089
270.6,49.79855607044883
270.6,48.808615284581904
270.6,47.811361846327785
270.6,46.80907889149967
270.6,45.80404955591075
270.6,44.81312184878625
270.6,43.794884285703304
270.6,42.80976104736328
270.6,41.802131122210994
270.6,40.803423600271344
270.6,39.80201010599849
270.6,38.800922887335766
270.6,37.80341579280794
270.6,36.812971777515486
270.6,35.794671312347056
270.6,34.80596948466264
270.6,33.80209633745253
270.6,32.80396717669792
270.6,31.809793033218014
270.6,30.801383717125283
270.6,29.809393763542175
270.6,28.80646157148294
270.6,27.811720272526145
270.6,26.80601926743984
270.6,25.814172363281248
271.5019503593445,25.7
272.50143567323687,25.700000000000003
273.5048652648926,25.700000000000003
274.4960561156273,25.7
275.49816711097964,25.7
276.49453607797625,25.7
277.49351939409974,25.700000000000003
278.5038435816765,25.699999999999996
279.49409594982865,25.700000000000003
280.4960277065635,25.699999999999996
281.492578125,25.7
282.49625930786135,25.7
282.6,26.590122401714325
282.6,27.585874271392818
282.6,28.590995091316287
282.6,29.59200448989868
282.6,30.59270237882156
282.6,31.595999713800847
282.6000000000001,32.600290323793885
282.6,33.588939440040846
282.6000000000001,34.596846886747514
282.6,35.59184431640897
282.6,36.59152985811234
282.6,37.59054164569825
282.6,38.59760830513842
282.6,39.59529036283493
282.6,40.59357378333807
282.6,41.603466796875
282.6,42.59401694319676
282.6,43.59078990872949
282.6,44.59144377226475
282.6,45.593636612594125
282.6,46.59502650850918
282.6,47.59327153880149
282.6,48.58602978226263
282.6,49.59896185847465
282.6,50.601063033868556
282.6,51.58978486119304
282.6,52.58934899624437
282.6,53.59550928324461
282.6,54.6035156232072
282.6,55.59572289727221
282.6,56.60335872322321
282.6,57.594292265261174
282.6,58.60448876470327
282.6,59.58761183905881
282.6,60.59705669672694
282.6,61.60028289556503
282.6,62.58578504323959
282.6,63.58693910837173
282.6,64.58963133096695
282.6114040076733,65.58867645263672
282.6634243190289,66.58806610107422
282.76964221000674,67.58981323242188
282.94710332751276,68.56824188232422
283.2326194286347,69.51959838867187
283.7152197897434,70.40022125244141
284.47877159118656,71.04807128906249
285.4083446502686,71.35568847656249
286.42187500000006,71.38192405700683
287.39453125000006,71.19548392891882
288.32031250000006,70.81534752845764
289.1726913452149,70.29247131347655
289.9618896484376,69.67563476562499
290.60935058593753,68.91977539062499
291.0810302734376,68.04672851562499
291.1000000000001,67.03702870607376
291.10000000000014,66.04461875166741
291.1000000000001,65.04235851478295
291.1000000000001,64.03953001566695
291.1000000000001,63.044083282235064
291.1000000000001,62.051508873631235
291.1000000000001,61.03871325647923
291.1000000000001,60.043693554401386
291.1000000000001,59.05511396063956
291.1000000000001,58.05580317403654
291.1000000000001,57.05168822314589
291.1000000000001,56.048130208440114
291.1000000000001,55.049957098602306
291.1000000000001,54.04683295889116
291.1000000000001,53.04196107845345
291.1000000000001,52.038326289155506
291.10000000000014,51.03870249986648
291.10000000000014,50.0456601199432
291.10000000000014,49.04615764615591
291.10000000000014,48.04222361039428
291.1000000000001,47.05137668982206
291.1000000000001,46.04465552326291
291.1000000000001,45.05499777849762
291.1000000000001,44.03811019856948
291.1000000000001,43.042343104214524
291.1000000000001,42.05428443104029
291.1000000000001,41.046036688206364
291.1000000000001,40.05035591556224
291.1000000000001,39.054946843697685
291.1000000000001,38.048622821271415
291.1,37.04952752378594
291.1000000000001,36.047744114696975
291.1000000000001,35.04838654044142
291.1000000000001,34.04449141088116
291.1000000000001,33.04393787996378
291.1000000000001,32.05562163155991
291.1,31.04660386282194
291.1000000000001,30.047769763669926
291.1000000000001,29.05456709433347
291.1000000000001,28.049656050396152
291.1000000000001,27.04762949447613
291.1000000000001,26.040491454303265
291.74517211914076,25.7
292.75594973415144,25.7
293.76318893432625,25.7
294.74927109330895,25.7
295.756688682735,25.7
296.74861631393435,25.699999999999996
297.74925844222315,25.7
298.75075805038216,25.699999999999996
299.75733098983767,25.700000000000003
300.7577922701836,25.7
301.7467738747597,25.7
302.75380477905276,25.7
#
274.1913749694824,15.7
273.2058806493879,15.700000000000001
272.208207552135,15.7
271.197127532959,15.7
270.20436790138484,15.7
269.20505245309323,15.700000000000001
268.1977056765929,15.7
267.2088893055916,15.7
266.19650506973267,15.7
265.1958506049588,15.7
264.1987488007173,15.7
263.19443410634995,15.7
262.3,15.802523040771485
262.3,16.796954345703124
262.3,17.802777099609376
262.3,18.7910501614213
262.3,19.798032449185847
262.3,20.79170792344958
262.3,21.80292933199089
262.3,22.79640908893198
262.30000000000007,23.800689721666277
262.3,24.805481985840018
262.29999999999995,25.801610076543877
262.30000000000007,26.799027372454294
262.29999999999995,27.792146921600217
262.3,28.795080852508548
262.3,29.804650725424292
262.3,30.797810972295704
262.3,31.79108604134526
262.3,32.80283011198044
262.3,33.80000527817465
262.3,34.79067911561579
262.3,35.80543539181817
262.3,36.79959213402181
262.3,37.80429306030274
262.3,38.80730558347423
262.3,39.796053016767836
262.3,40.79178714186419
262.3,41.79356785344426
262.3,42.800455046189015
262.3,43.799999466634475
262.3,44.80270769149065
262.3,45.79611060356255
262.3,46.79083989802748
262.3,47.80916010197252
262.3,48.80388939643744
262.3,49.79729230850935
262.3,50.800000533365534
262.3,51.799544953810994
262.3,52.80643214655575
262.3,53.80821285813581
262.3,54.803946983232166
262.3,55.792694416525784
262.3,56.795706939697276
262.3,57.8004078659782
262.3,58.79456460818183
262.3,59.80932088438422
262.3,60.79999472182536
262.3,61.79716988801957
262.3,62.80891395865474
262.3,63.80218902770431
262.3,64.79534927457573
262.3,65.80491914749146
262.3,66.8078530783998
262.3,67.80097262754572
262.3,68.79838992345614
262.3,69.79451801415999
262.3,70.79931027833373
262.3,71.80359091106803
262.3,72.79707066800911
262.3,73.80829207655043
262.3,74.80196755081415
262.3,75.80894983857871
262.3,76.79722290039064
262.3,77.80304565429688
262.3,78.79747695922852
261.4013479039073,78.9
260.39415315240626,78.90000000000002
259.40786446332936,78.9
258.4040694117546,78.9
257.40593843460084,78.9
256.3985845727846,78.9
255.39259621351957,78.9
254.39865471273663,78.9
253.4024415150285,78.9
252.4024841144681,78.9
251.4041883826256,78.9
250.60000000000002,78.69560278654099
250.60000000000002,77.69393033981324
250.6,76.70615954156966
250.6,75.70083559323103
250.60000000000002,74.70432679504157
250.60000000000002,73.70122360419481
250.60000000000002,72.69613959696144
250.60000000000002,71.69632445897442
250.60000000000002,70.70249527841807
250.60000000000002,69.69327398852911
250.6,68.69316320803485
250.60000000000002,67.69211192124058
250.6,66.69568483119366
250.60000000000002,65.68969236854464
250.60000000000002,64.69699877703097
250.60000000000002,63.70171820551624
250.6,62.70649905949831
250.60000000000002,61.692943401145754
250.60000000000002,60.704731602966795
250.60000000000005,59.701989977364434
250.60000000000002,58.70761551239994
250.60000000000002,57.70149471929763
250.60000000000002,56.70691195577383
250.60000000000002,55.70312171352562
250.60000000000002,54.691129663772884
250.60000000000002,53.69466108139604
250.60000000000005,52.69225274268538
250.60000000000002,51.707789031020376
250.6,50.6964033177821
250.60000000000005,49.704962217807775
250.60000000000002,48.6998368228582
250.60000000000002,47.69344799446408
250.60000000000005,46.69827451612801
250.60000000000002,45.70363159074914
250.60000000000002,44.698859169843494
250.60000000000002,43.69643610864878
250.60000000000002,42.70873355625663
250.60000000000002,41.70227174174507
250.60000000000002,40.701001872518106
250.60000000000002,39.705864053894764
250.60000000000002,38.69543191194534
250.60000000000002,37.69340271174442
250.60000000000002,36.700782124511896
250.60000000000002,35.696875
250.60000000000002,34.704924376495185
250.60000000000002,33.70487636055332
250.60000000000002,32.69878241110128
250.60000000000002,31.709292515623385
250.60000000000002,30.697545974724928
250.60000000000002,29.70651984771248
250.60000000000002,28.699315799097533
250.60000000000002,27.698946729861202
250.60000000000002,26.708599853515622
250.60000000000002,25.696785033657214
250.60000000000002,24.70466267627198
250.60000000000002,23.704323673248293
250.60000000000002,22.704980182647706
250.60000000000002,21.70268017500639
250.60000000000002,20.698795735347083
250.60000000000002,19.70138901025057
250.60000000000002,18.705750142037868
250.60000000000002,17.695832879841326
250.60000000000002,16.69272108078003
250.59137496948244,15.7
249.60588064938784,15.700000000000001
248.608207552135,15.7
247.597127532959,15.7
246.60436790138485,15.7
245.60505245309324,15.700000000000001
244.5977056765929,15.7
243.6088893055916,15.7
242.59650506973267,15.7
241.59585060495886,15.7
240.59874880071732,15.7
239.59443410634995,15.7
238.7,15.591064453125
238.7,14.606142215430737
238.7,13.595244467258453
238.70000000000005,12.60418992191553
238.7,11.600386313162744
238.7,10.59434365183115
238.70000000000005,9.598137529380619
238.70000000000002,8.599421989917754
238.70000000000002,7.6017577171325685
238.70000000000005,6.60677844285965
239.098681640625,6
240.09164207130672,6
241.09824679738378,6
242.10388923883443,6
243.1064474630868,6
244.09168590307237,6
245.10822384448258,6
246.09875127095734,6
247.10175911398548,6
248.09688651484905,6
249.09934778182944,6
250.10336149546788,6
251.09125425636307,6
252.09573089207993,6
253.100824086697,6
254.1030381463672,6
255.09911141246562,6
256.0990071526059,6
257.0998952658149,6
258.09894565111904,6
259.093328207545,6
260.092967706197,6
261.1071645556251,6
262.10699929336556,6
263.10145226141617,6
264.0983655077173,6
265.10396703500305,6
266.10008038561796,6
267.10136680752044,6
268.0973324373365,6
269.09482520695315,6
270.09301854278897,6
271.096233509644,6
272.09875494421,6
273.09862757921223,6
274.0981628417969,6
274.20000000000005,6.8951660156250005
274.20000000000005,7.89328458160162
274.2,8.91031984090805
274.20000000000005,9.903432129882276
274.20000000000005,10.906834781169891
274.2,11.894143395125866
274.20000000000005,12.894358098506927
274.2,13.898237212002275
274.2,14.906208288669585
#
342.79897425175875,34.1950202464941
342.5807098925114,33.23242334723473
342.3123859405518,32.25106620788575
342.0003173828125,31.302416992187503
341.6351484559476,30.378153774887327
341.20502789616586,29.475402706861495
340.7032751120627,28.609496112912893
340.1231747150421,27.796350431442264
339.45804840251805,27.052394331246617
338.7089827537537,26.40165629386902
337.86910070329907,25.84817015603185
336.96665773391726,25.403858041763307
336.02550878524784,25.06709704399109
335.05794491916896,24.82845957353711
334.075092689693,24.67858466729522
333.07093266695745,24.607681413739922
332.08625373840334,24.61103401184082
331.08347714468835,24.698491411656143
330.0983051002026,24.87497593760491
329.13294166103003,25.142691645771265
328.20138535127046,25.498678060621025
327.3048919677735,25.941513061523438
326.44456782341007,26.46965937614441
325.6224460601807,27.03535690307617
324.855027627945,27.661130046844484
324.13534672334794,28.35473646968603
323.47591099143034,29.104267799854277
322.87142481803903,29.916372776031494
322.34593849182136,30.75477828979492
321.90000000000003,31.23497931808233
321.90000000000003,30.228353367745875
321.90000000000003,29.230073848296893
321.90000000000003,28.231195490062237
321.90000000000003,27.22348845023662
321.9,26.229662490845655
321.90000000000003,25.233335749804972
321.9,24.23647692352533
321.90000000000003,23.234569820202886
321.9000000000001,22.237891149334608
321.90000000000003,21.23539386300836
321.90000000000003,20.233588522369974
321.9000000000001,19.2383624330163
321.90000000000003,18.23446517374832
321.90000000000003,17.226515085063873
321.9000000000001,16.239653261564673
321.9000000000001,15.237300578481516
321.90000000000003,14.224531247490084
321.90000000000003,13.226777048292568
321.9000000000001,12.229625148884953
321.90000000000003,11.239658183045686
321.90000000000003,10.228038867213764
321.90000000000003,9.224951221235095
321.90000000000003,8.226801787130535
321.90000000000003,7.236772326938809
321.90000000000003,6.227670679055154
321.90000000000003,5.231426799297333
321.90000000000003,4.234937286376953
321.82592468261714,3.2999999999999994
320.8294921875001,3.3
319.8261524677277,3.3
318.8218677580357,3.3
317.82658510580666,3.3
316.8289461798966,3.3
315.8282135009765,3.3
314.8347012571991,3.3
313.827628723532,3.3
312.8313350729644,3.3
311.8403904378414,3.3
310.8285706996918,3.3
310.30000000000007,3.7631720401346676
310.3,4.776240735501051
310.3,5.772365889698266
310.3,6.769733304809778
310.3,7.7747641188092524
310.3,8.767377569060772
310.3,9.778294877987355
310.29999999999995,10.773065248306374
310.3,11.77047511943383
310.3,12.760058819409458
310.3,13.772140922863034
310.29999999999995,14.761473486351314
310.3,15.76261897642398
310.29999999999995,16.77218312965706
310.29999999999995,17.764656760648357
310.3,18.76979379637196
310.3,19.773993661638812
310.29999999999995,20.762848570744968
310.3,21.769658097310455
310.3,22.768878507614133
310.30000000000007,23.77090668033779
310.3,24.76170616149902
310.3,25.77780606150627
310.3,26.767143285948254
310.29999999999995,27.766841723851392
310.3,28.762981756136284
310.30000000000007,29.76775731038069
310.30000000000007,30.76707092188153
310.3,31.77339267209172
310.3,32.77248611919349
310.29999999999995,33.77705563986673
310.3,34.77276321832178
310.3,35.772507172788025
310.3,36.76188387108268
310.3,37.767741356529584
310.3,38.77571815922856
310.3,39.77133708000183
310.3,40.76777723953127
310.29999999999995,41.76442270874976
310.30000000000007,42.76065755859017
310.29999999999995,43.76967805847961
310.3,44.777001345797906
310.29999999999995,45.768237237387794
310.3,46.77028542083135
310.3,47.7687193329446
310.3,48.776483351981724
310.3,49.77920504584908
310.3,50.776215719094026
310.3,51.76684667626395
310.3,52.77690844014286
310.3,53.77881125612184
310.3,54.77183073163032
310.3,55.76811482168122
310.3,56.779236869607104
310.3,57.765802104386964
310.3,58.76470388554735
310.3,59.77408106597139
310.3,60.7678796608583
310.3,61.768812989664724
310.3,62.774631319195024
310.3,63.76023852570215
310.3,64.76890346333384
310.3,65.7746642145328
310.3,66.77452421098714
310.3,67.7652774822316
310.3,68.76310331934363
310.3,69.76206236860016
310.3,70.77359299929812
310.3,71.77072150470921
310.3,72.777372597903
310.3,73.76314073726535
310.3,74.76825726638779
310.3,75.77167069232091
310.3,76.77921155104413
310.3,77.77263970971107
310.3,78.77736167907713
311.1785589575768,78.9
312.1621142745018,78.89999999999999
313.1634901881218,78.89999999999999
314.1701329695061,78.89999999999999
315.1629922643304,78.89999999999998
316.173291015625,78.89999999999998
317.1758801460266,78.89999999999999
318.1726977929473,78.89999999999999
319.1778141140938,78.89999999999998
320.1716003417969,78.89999999999999
320.4257108211517,77.9595382452011
320.6605194091797,76.98116912841796
320.891091966629,76.02045013904569
321.12770142555235,75.03457739353179
321.360073852539,74.0663589477539
321.9488918304443,74.36540755406021
322.49579467773435,75.21414036750792
323.12154388427734,75.98939011693
323.81445159912107,76.68817905783654
324.58810882568355,77.33189430832863
325.4106105804443,77.9029407583177
326.27989712953564,78.39386843442917
327.18622103929516,78.80627011060716
328.13721475601193,79.1613631248474
329.09116182327267,79.43715238571164
330.0755501747131,79.63855504989623
331.06900874376294,79.75893162488936
332.0596011713147,79.79993824213742
333.0619786158204,79.76350006535648
334.04368702918293,79.64335878863929
335.03523874282837,79.4228500843048
335.9687254592776,79.10758088454602
336.8811135292053,78.67850232124327
337.7324505522847,78.1474573470652
338.5082314446568,77.52889027372001
339.2130131721496,76.82936425209044
339.8511579632759,76.0552558004856
340.41456288099283,75.23239282965659
340.91585954744363,74.36143862763419
341.3561396829783,73.457206107676
341.7382423229515,72.5343582496047
342.0723771430551,71.5938473984599
342.3628700099885,70.64679721146821
342.62135120034213,69.67332543134688
342.8463689473457,68.69452483113854
343.040823250357,67.71757301222532
343.21027361890293,66.73190713841467
343.3565002060495,65.74193199146538
343.48123961696393,64.75186479073017
343.58618303136893,63.76573894824831
343.6745685733854,62.76754070967435
343.7471712589263,61.75922193527221
343.8037173748015,60.76370782852172
343.84654093617564,59.76292474996298
343.87637805072586,58.75862771812825
343.8936896695755,57.77513363081961
343.89997425330796,56.769382090307765
343.8999999999999,55.76895833015441
343.8999999999999,54.7728703200817
343.8999999999999,53.762087631225576
343.9,52.77053652405738
343.89999999999986,51.76509833335875
343.8999999999999,50.77484436035155
343.8999999999999,49.76316833496092
343.8999999999999,48.77568812370299
343.89069092422716,47.767472076416006
343.87005804646753,46.77553195953368
343.8444497689604,45.776200103759756
343.81318495590233,44.77231235504149
343.7755184784531,43.76680068969726
343.73137542158355,42.777884674072254
343.67765537351363,41.763114166259754
343.61561103928824,40.771283912658674
343.54238250870253,39.776993751525865
343.45644281357517,38.785434722900376
343.3533847734331,37.777439117431626
343.23496290445314,36.79745178222655
343.09277867078777,35.80567932128905
342.9227937206625,34.814810943603504
331.7994171142579,56.26299133300782
331.7913793504238,57.27738246321679
331.77377142086624,58.269414655119185
331.74513127729296,59.27600705549121
331.7050985418261,60.270126541703945
331.65207517743113,61.26377409100533
331.5838200069964,62.264430282264954
331.49895176887514,63.259370470046996
331.3947177886963,64.2492832183838
331.26348237991334,65.25505995750427
331.0889738515019,66.2311407826841
330.8522968173027,67.19622936844826
330.5310875892639,68.16005129814148
330.112508392334,69.06575508117676
329.53797912597656,69.87397584319115
328.77106018066405,70.50364435315132
327.86660156249997,70.92681579589845
326.881265258789,71.09614499211312
325.87998046875,71.0503143310547
324.91146697998045,70.83094027638435
324.0093795776367,70.4058456480503
323.2145111083984,69.8134765625
322.5242919921875,69.08515625000001
322,68.25100955963136
322,67.24287382252515
322,66.24797420985998
322,65.23806732594969
322,64.24277354930528
322,63.2451989978552
322,62.243044389924044
322,61.23850684673526
322,60.24662591405214
322,59.23900420665742
322,58.24383728504182
322,57.24752028663644
322,56.23396215625108
322,55.251424253592276
322,54.238869579462346
322,53.24423822499813
322,52.24943600543775
322,51.23635346363299
322,50.242084164748675
322,49.23813043436967
322,48.240175577998166
322,47.24295118749142
322,46.23277283199131
322,45.23784948806279
322,44.24782184399665
322,43.2401242457796
322,42.23585853278638
322,41.24646457321942
322,40.24769921861589
322,39.246998405456544
322,38.23464450836182
322.27478179931643,37.28709411621094
322.697265625,36.37734375
323.2219497680664,35.535726928710936
323.84883422851567,34.76224365234375
324.59982085227966,34.08977265357971
325.44903059601785,33.56305283904076
326.3740997314453,33.21642761230469
327.37008212804795,33.100571459531785
328.360302734375,33.2434326171875
329.266796875,33.6615234375
329.982861328125,34.3359619140625
330.4979646325111,35.198245239257815
330.8576471209526,36.13918762207031
331.1144817471504,37.09866027832031
331.31128454208374,38.07960205078125
331.4679798960686,39.07019348144531
331.58836500048636,40.05776824951172
331.6780232720077,41.04956474304199
331.7465937137604,42.05949096679687
331.7971589565277,43.054119873046865
331.83482730463146,44.05496635437011
331.86189127787947,45.052204513549796
331.8806634150445,46.05800285339355
331.8922943115234,47.04404296874999
331.89848208427424,48.04850463867187
331.9,49.0462049484253
331.9,50.05590763092041
331.8999999999999,51.05734858810902
331.8999999999999,52.05187965333462
331.9,53.05283203125
331.9,54.04250640571118
331.9,55.04166259765625
#
