946.4987030309827,783.4940756834038
943.4626446192348,773.9835438075271
938.3924449145477,765.3946076608803
931.5771892615985,758.0885161835012
924.1063092936411,751.4438493565649
917.1979476989128,744.2389107654096
911.858344242484,735.8010405979974
908.4288300561178,726.4223528607729
906.2075629513395,716.6872315620856
903.8840254169936,706.9630494008311
902.0584447731029,697.1371533773157
900.8139384127624,687.2059601159299
900.2536338255909,677.2348310444121
900.4849285029063,667.2308331285278
901.6181300292221,657.3082505458208
903.753448512721,647.5323730622614
906.943504384472,638.0549380528349
911.1745691574386,629.0150972910393
916.3911853969591,620.4763399939926
922.4436804747006,612.5277263664301
929.1935419336364,605.1425896720082
936.4587835086344,598.2988197284091
944.1415451047203,591.8784137589588
952.0864388842574,585.8183563041634
960.2171960929588,579.9979049464464
968.4504163426974,574.3114872970123
976.6907203930742,568.6644501709435
984.8807282091406,562.9337035511492
992.9420444981965,557.0005089964172
1000.7590688323123,550.7567110585288
1008.2035840876265,544.0846247357686
1015.112432381458,536.877877601384
1021.3152575956829,529.024101931991
1026.5719682535514,520.5267806343352
1030.7006232767721,511.43139006377066
1033.588365152102,501.8717455744565
1034.9461914852695,491.983992991773
1034.5110981888079,482.01163703477357
1033.740814835678,472.0403477802903
1032.5490558381484,462.1123523141083
1030.8346258780898,452.25454548099987
1028.5187443231603,442.53436595396704
1025.5991771331842,432.96256229760655
1022.2526943904895,423.5417801981806
1018.7861455696025,414.158955382154
1015.5085296747307,404.72199480137067
1012.5876399664359,395.1556281099355
1010.0770017578749,385.4734197777004
1007.9548067394711,375.6992084004396
1006.1741985380813,365.861479122622
1004.6827530643184,355.9663529865302
1003.4390949989894,346.0511774408977
1002.4037778963984,336.11336485046513
1001.5447715396424,326.14074093326826
1000.8397096298451,316.1637207490496
1000.8882759034578,306.1974642767297
1002.539373308748,296.3430380947441
1005.3898271669443,286.7690185569327
1009.5766672522019,277.68646793767186
1015.0944237038173,269.3629927621015
1021.8113520653733,261.95442495432684
1029.4624108909943,255.5337463017714
1037.7955285739122,250.02854735020236
1046.6081764407218,245.30776655213722
1055.7456464646864,241.23385671747846
1065.0853590130296,237.6851598474437
1074.5795494024692,234.5437507401088
1084.188260470985,231.7195115593227
1093.8495857078635,229.14896385988
1097.477333370449,226.64815502014295
1087.7951972432,224.1831130667866
1078.0078252933179,222.1185507369429
1068.1454279408588,220.50023228965136
1058.2060289254014,219.37015399952733
1048.21776234926,218.77733329571964
1038.21300355181,218.77063875678118
1028.2481160237685,219.39549023838632
1018.3227950403559,220.69858953798024
1008.5374991765283,222.70960044434065
998.9331379512023,225.45328449011296
989.5534295095694,228.9451935623385
980.4874097305426,233.16672378984515
971.7859860825928,238.09079128838198
963.4967331015712,243.6712529615474
955.6412891950588,249.8595711130102
948.2454069242312,256.5866604816914
941.3113384651724,263.78615079047415
934.8245419396144,271.39545761128977
928.7588832542206,279.35084633257645
923.0760269125499,287.5759367631679
917.6818207653826,296.00057504132644
912.3454457837636,304.4495119132544
#
946.4982819048352,783.4931962768625
943.0009169043859,774.1441259789405
937.5488844537458,765.8021368516124
930.4102936526536,758.8319791066644
922.7087931358423,752.4517005520946
915.5618548870236,745.4663121230303
909.9323730340814,737.214370192302
906.0322548074382,728.0277617495295
903.4770970440906,718.3785379272251
900.7295067253112,708.7575167655945
898.5056228452454,698.9969522763444
896.8608360324147,689.1471033596151
895.8589646820342,679.188241737812
895.5980378759663,669.2092752395047
896.1919019231893,659.2247494746181
897.7737188449987,649.3610358508486
900.3044405379927,639.691921190948
903.8558469045394,630.3431252878084
908.3903035545356,621.4432578438887
913.8245516143909,613.0515234099654
920.0260179289587,605.2037061963762
926.8450528414957,597.8877231047961
934.131717982376,591.0570665773811
941.7890458283753,584.6089616509335
949.6834127058369,578.4763351460776
957.7334909431182,572.5530843245876
965.8708600043888,566.728902178236
974.003928780945,560.908556922927
982.0451540747301,554.9859358309228
989.9342033287364,548.8174277424218
997.522281888403,542.3008013437466
1004.6608995166832,535.3052596872083
1011.1486182720065,527.7199054717422
1016.762246352007,519.4453681521863
1021.2295484340898,510.5128194394832
1024.3621367481246,501.0195685635567
1025.5926016389421,491.1532920502039
1025.0209417163076,481.1633138077596
1024.071423393961,471.2250296189209
1022.6616321092447,461.31390591931404
1020.728799749322,451.51357292514103
1018.2146589221398,441.83891581690466
1015.0851368947535,432.33482147483494
1011.54890625,422.99078125000005
1008.087290443087,413.60647620180436
1004.928952524131,404.10266260974464
1002.1684579081063,394.49883514459606
999.746833057897,384.80790877564317
997.6615408265204,375.01556412260425
995.9244659611956,365.177199072624
994.5285702984219,355.2698508787719
993.3462786002606,345.3348293259144
992.3327981847312,335.3981506611519
991.5008287878036,325.4225295562744
990.8705539056052,315.4540032136031
990.974221929627,305.4608179963971
992.5218754268676,295.60384831524533
995.1722347142264,285.95360373334273
998.9983109134706,276.73025806542387
1004.0210482163548,268.0872408179417
1010.1497817591202,260.19794618631755
1017.2262376371971,253.15072172950448
1025.0750068465236,246.94555277718823
1033.4898626942327,241.55093634288986
1042.327531724995,236.8722942379422
1051.4685237837193,232.81145235430034
1060.8214695558295,229.27161992313145
1070.3248875699044,226.1603982512355
1079.9280435158234,223.39611837382455
1089.6064543055995,220.90075498713566
1098.3800907409527,219.78323624987345
1098.16361014333,229.77665207328465
1094.4876604100666,235.01307010257264
1084.8329109231136,232.40101952420542
1075.075238933516,230.20492328358569
1065.2470486997738,228.39230354744763
1055.3334980605216,227.10685222594068
1045.358039233681,226.42772958983485
1035.3567593887672,226.3786265559245
1025.3794620489512,226.98555943498002
1015.4631246720611,228.2769399410683
1005.67202636832,230.27890132092293
996.0573882687902,233.01814097249883
986.6955707486838,236.51114853325913
977.6480135841342,240.77236862961698
969.0081726668432,245.78966874205275
960.7670462957648,251.48464528718196
952.9623342298842,257.70177189365427
945.5662469595427,264.44020385578773
938.5921757623929,271.6046209205866
932.0117025969942,279.1360808957163
925.7986748225828,286.97828226786083
919.8859686465266,295.02764737892153
914.0197753906251,303.13066406250005
907.0434836542181,309.9977542410417
912.9269613846802,302.27422199002933
917.677616010666,293.4699573493004
922.614736674824,284.75920831954517
927.8759412878139,276.2729767228989
933.6149309644437,268.070866883556
939.8142614920725,260.22885048164875
946.4824893452155,252.78768417385038
953.6322594752174,245.79161976648186
961.2461298950648,239.31663084231533
969.320675688574,233.42202029248975
977.833431099236,228.17777814018729
986.7322898406717,223.6395617348429
995.9606023179415,219.77627815129125
1005.4608780259355,216.65051735131843
1015.1645037508518,214.24020147603358
1025.0010677165485,212.51692479739535
1034.9436869255378,211.4432919083089
1044.9442167581678,210.98801801683237
1054.932341479174,211.11889972137232
1064.9043970538974,211.80529170715812
1074.835965564108,213.00245437477264
1084.6967524014885,214.67737508036936
1094.4643233855165,216.8194414397831
1104.1635512120636,219.22754927906348
1113.831224081795,221.79188549045108
1123.4808018661506,224.42457299119351
1133.1294365483095,227.02927926919799
1128.4134237836824,229.53385759656882
1118.7462573925418,232.02237710973344
1109.043974936545,234.51993619138005
1099.372160692262,237.0491918191931
1089.7317185288055,239.67981098605767
1080.1208581375045,242.46593013632813
1070.6078582588764,245.53806601579936
1061.2421101728542,249.03768058785494
1052.1165000775381,253.10166823321003
1043.3303656101352,257.875917212165
1035.0398723382234,263.48159935819103
1027.453460743065,269.9765454613117
1021.0609874706975,277.63441076242947
1016.2127611570407,286.3708726405073
1012.8924946189741,295.78882111466487
1010.9094059396105,305.58746729805716
1010.768851901795,315.54684229573144
1011.5032718850778,325.52774136589005
1012.3694528237097,335.4861963941872
1013.4101291804457,345.42729412788816
1014.6695977716031,355.35596590484226
1016.1872321197011,365.23265129335147
1018.0089455055743,375.06185643802655
1020.1786580166496,384.82564702140206
1022.7347126524911,394.4845199469686
1025.7177566403582,404.03202792281104
1029.0393191976978,413.46868873983806
1032.4722675638907,422.8656539432552
1035.7062969429207,432.3124782055049
1038.3632937177606,441.9601591140021
1040.4731973963583,451.72829542752737
1042.0827518500391,461.60657890616767
1043.226504012619,471.5325366668661
1043.9456612799104,481.5153634476195
1044.2722013312205,491.51024855945224
1043.1123868057355,501.40227192044694
1040.5281964517058,511.0703582651421
1036.8060186313776,520.3284789691561
1031.9800209329476,529.0926888642766
1026.1873952996532,537.2389176877662
1019.6431791303932,544.796010035889
1012.4955117448587,551.7909969612651
1004.8984463876844,558.2788467087764
996.9635388367298,564.3624003615579
988.7996156264062,570.1419925453823
980.4947691242158,575.7274136503397
972.1524249952104,581.2138046152654
963.8033563328705,586.7429485976306
955.5709519178539,592.3991152072218
947.5131184610734,598.3194748019798
939.7488252068761,604.6120007928611
932.3895240483944,611.4057624077527
925.625723372428,618.7624096622262
919.6186728955495,626.7458904536672
914.5388650126403,635.3463282250816
910.5129373907394,644.4878374483866
907.5924838490489,654.063089872837
905.7522496951757,663.8856141190911
904.8783858817739,673.8362765515751
904.8549226697185,683.8356580915254
905.5624689923608,693.8050300071911
906.8881065700839,703.71705525584
908.7283304526143,713.5444608777904
910.5951261959876,723.3572499985602
913.3447307149524,732.9720729854962
918.0298220376839,741.7632490355052
924.4506905176911,749.4180943630496
931.6244944916784,756.3950313271748
938.3252071153701,763.8069230507446
943.3404973145423,772.4152582321403
946.2230558388076,781.9729309919011
#
#
712.6221349308487,283.0060563887489
707.4818725742575,291.57381962728937
702.8659387818002,300.4487250535061
698.8862738628416,309.62518515951626
695.6736580024033,319.0895741878444
693.3829868299656,328.8015184462049
692.1829115488284,338.7421056948988
692.2650424433438,348.7169818969529
693.785788204959,358.60488432159923
696.8225856106117,368.1137387699002
701.3562064320578,377.02260497491625
707.2355197654201,385.0973995553453
714.2526928541017,392.21736305123056
722.1569430720878,398.3198090911974
730.7437191292016,403.4281595497713
739.8314085150535,407.58686704960843
749.2888804374074,410.8593034083751
758.9664792936323,413.29620254353904
768.8301683054236,414.9689293615212
778.7862998113796,415.92173106947513
788.7739609321416,416.1996822680954
798.7667359150536,415.84148079488955
808.7268175933211,414.87820330907863
818.6010119974121,413.34029982484367
828.3889601756184,411.24740578523927
838.0258066571979,408.6298475026912
847.5216925960658,405.4985551552335
856.8436188502224,401.87355507908933
865.9619258562309,397.7752996767026
874.8617572823903,393.2183084524362
883.5307572543181,388.2146929041112
891.9247053335333,382.7972240477857
900.0478066270248,376.9709354730986
907.8833524405475,370.7537710152635
915.416840276755,364.16391822081
922.6152081616625,357.240614132146
929.4899689733713,349.98430663264486
935.9960572775343,342.3895666876633
941.8069452090673,334.25666634063236
946.6854359138486,325.5225339096505
950.356711799982,316.22874094732106
952.4913561892508,306.47360706329346
952.6109718513488,296.51293182373047
#
712.623796716732,283.0047373685217
708.5876459765956,292.1553793777153
704.9892985238719,301.48451037889515
701.9560193430345,311.00357078498774
699.6380700261254,320.7243219774194
698.2259933385187,330.620706329898
697.9453306192282,340.6203837378851
699.027527658619,350.540019156076
701.655925602436,360.177795853138
705.8780118458883,369.2288740386926
711.6391654756087,377.4007076485455
718.6742897393859,384.4730776892714
726.70206511515,390.4334836994451
735.4276206724222,395.3066916979109
744.6437287484956,399.1735798740028
754.2036668570516,402.0947091089636
763.9803488624631,404.1827530857384
773.8943830695152,405.52866938018803
783.8738372622324,406.1679576356989
793.8672132251204,406.14405714244054
803.8339203757512,405.501686745683
813.7652937055518,404.2802919967917
823.6103961771942,402.52075852043924
833.3390615096639,400.2609741595217
842.9492917585166,397.50016632418567
852.4159139779338,394.2549278163251
861.7038349688116,390.5593992644437
870.8175174410874,386.42550989273644
879.7215491828953,381.88206019164477
888.4198108060212,376.9388709316756
896.877961548021,371.6262825478789
905.1168392301124,365.93940141529447
913.084494011879,359.921259267807
920.8184709338509,353.57099602588636
928.3042563485205,346.94508230081203
935.1662495945864,339.6746909112378
941.1304718464515,331.65513776496925
946.1487659869433,323.0223383103853
949.9975356230178,313.79134609768727
952.2194517977239,304.0597192693949
952.1885847594738,294.1013184126616
953.2678887767289,303.8095828895813
952.1233177531957,313.7338069520443
949.2598606219292,323.29736056089405
945.1245199661246,332.4051900609723
939.9410077291134,340.9505993068845
934.0045914366268,349.0005052081403
927.9361683816207,356.9543283170859
921.4905894260532,364.57910423272483
914.6268761409026,371.8673259106448
907.3933154824377,378.76636188475425
899.80687851922,385.2627146114683
891.864374136642,391.35751758607114
883.6223236362542,397.0069227983713
875.0783523586636,402.21311847281174
866.2717889900423,406.9513421726726
857.2330416638473,411.20661353681885
847.9671640293002,414.9525062075258
838.5020710400371,418.1877260106514
828.8768142355723,420.9064138195765
819.1279908281438,423.0909529765875
809.2550710680268,424.72573212819685
799.3067770884392,425.7797828751725
789.331831022598,426.22213681828237
779.3273497210708,426.0190505946131
769.377619785131,425.13301498597724
759.4993218090128,423.52201777650436
749.7945780573497,421.15672470224604
740.2978925620725,417.99893697292373
731.1233215484517,414.04233022088465
722.331168788967,409.2769248108988
714.104215960767,403.6039416891093
706.6102582383384,396.99958997552824
699.999382839208,389.5068736109314
694.4902708591923,381.1723836185174
690.2740635861495,372.11963513560465
687.4690315243596,362.52323369591176
686.1125369144306,352.63527917528904
686.1441165553458,342.63000412982376
687.4510014039048,332.7334591964434
689.9018211419833,323.03531139304926
693.3527667920703,313.66394358005306
697.6905403979847,304.65590269500376
702.8135891248389,296.05605910135125
708.6109998020086,287.93213972878493
#
712.6186650299068,261.9941415166196
704.2790905488133,256.50529590547086
695.0424809505333,252.70905728750512
685.253506000042,250.73923587894438
675.2812299332948,250.49998850622518
665.3693207738359,251.76100439614498
655.8242707434079,254.52356785010488
647.2779742186691,259.7141085314943
638.144291637279,263.7586100474
628.541364706206,266.5580483599333
618.6367124791066,267.67378852951515
608.7787353167854,266.2514472273615
600.2193932076776,261.2455657431856
594.6146270757888,253.03170323111408
#
712.6193481860136,261.99778402238616
702.9684017587267,259.4500079833884
693.050955492509,258.20764873013394
683.0629631224236,258.3192748517413
673.1549344992297,259.7010435914828
663.4767902261726,262.16728965329565
660.399217645672,263.4359889424668
651.8234967033267,268.5511628087163
642.6429696281853,272.49240152299296
632.9960539574486,275.0558280640688
623.0421190000837,275.9371277456591
613.1411116012016,274.7667795839749
603.8727851884586,271.12175746291376
596.6563985974483,264.2835714939926
592.6838609470446,255.181511926958
592.8489924954771,246.6518947532773
599.0354819026526,254.47032275209892
607.6460526652932,259.3337800356746
617.5810588661776,259.7779548859438
627.2957175856321,257.4921326638532
636.6293765596549,253.8861656849489
645.4860713023254,249.28025238513015
654.107098822452,244.34195644591006
663.8949723740178,242.31066013333935
673.879294248779,241.79245902603014
683.809694176665,242.8690017578116
693.3763376012853,245.7127379850534
702.115300425208,250.52243653116457
709.3873892981223,257.34121034015243
#
1284.006591690471,178.99743676435355
1293.4521723338228,175.74904453158598
1303.169451127106,173.35783945463288
1313.0588251656995,172.02438880529212
1323.0628861029923,171.92916343551315
1332.972738390597,173.20784551277953
1342.588249875325,175.87564338777065
1351.7765088826745,179.8353052576119
1360.4027776573587,184.8694249611557
1368.4798369169757,190.76339275673777
1376.1618061758682,197.1700065436894
1384.5910561934186,202.52218422562123
1393.908005032097,206.0506759530818
1403.8245322964387,207.14589512420352
1413.7252168239481,205.8171674369218
1423.2093177156498,202.6996654433029
1432.2635118541175,198.44364375144417
1440.9491063048013,193.5107778988006
#
1284.0056933566077,178.99600054419994
1292.4968205472828,173.75728194046022
1301.603315395867,169.6255260222243
1311.1901382101096,166.77427384634223
1321.0594382328072,165.32386024326738
1331.0597007812362,165.31713068266527
1340.9495341815332,166.7338624146925
1350.5640561197806,169.4902063831361
1359.726860139086,173.44779688747974
1368.369384096396,178.4762433184964
1376.4036094223964,184.4211814194402
1384.1514582536695,190.72267546840084
1392.833636060349,195.6478922970039
1402.4412796073455,198.32538635825838
1412.424530614042,198.50253681766753
1422.278646460578,196.8915793453906
1431.9733130914465,194.44194801761583
1441.6288378703268,191.84853905217722
1440.695532182914,195.90474266779975
1433.3597281755015,202.6954787508615
1425.1731250197897,208.40954464785312
1416.1712138903356,212.76220251847522
1406.541518113276,215.35246115786396
1396.5698507227908,215.81014306710406
1386.7589156118229,213.9474652307461
1377.6067720827623,209.96386545232116
1369.256311329044,204.47946031471895
1361.6819200489074,197.9627288627401
1353.7453031098655,191.8869535787042
1345.2169312261253,186.66355859703796
1336.1337129983904,182.5209678196907
1326.56846469969,179.5962693971731
1316.721667634145,177.911787603905
1306.7449030567848,177.33003698308545
1296.7445579638118,177.6410041173494
1286.8012667036564,178.62585534705232
#
577.2305512704312,273.00830830936417
575.3649165490664,282.82596660323907
573.195398399259,292.5899874704137
570.7218173325548,302.2681401988854
567.9362932911671,311.86892562684625
564.8356100041203,321.3858934998504
561.4285665953914,330.7861123907642
557.7170204816576,340.0682814222057
553.7042521975125,349.23238548125846
549.4013236554591,358.2670854108728
544.8286129741402,367.15161681877566
539.9896397422062,375.90527421540173
534.9095153231173,384.5123157452597
529.6019952573278,392.98347700332124
524.089585569873,401.3195756850564
518.3814024921907,409.54525624654525
512.5184053128851,417.6429762666087
506.5125515108631,425.64040605253285
500.39234695263053,433.5449040212643
494.17144515109106,441.3855213600764
487.88855710310327,449.16184887891905
481.56727424860776,456.8949247914279
475.21585143548253,464.62604182958603
468.8757282924823,472.35792946734
462.57293757163416,480.1139044135198
456.31882957669825,487.93754684609485
450.1722395829769,495.8146562684251
444.14581977349957,503.79023037342085
438.26875085551444,511.8905270094492
432.58471212597306,520.1221784210793
427.1357494528094,528.4911023626464
421.93680259504936,537.0442370833462
417.0407500709194,545.7654614964267
412.4835340713583,554.65680437214
408.28723996539725,563.7403061409714
404.49126879891253,572.9902268489986
401.1183230449892,582.3985432878671
398.1855689493601,591.9527842089501
395.70421812796747,601.6356082167622
393.6767538375242,611.4377892769746
392.10512348295845,621.3188166497275
390.9810529305737,631.2449997264137
390.28738754950155,641.2209437446083
390.0075988324842,651.2207988553107
390.121036954393,661.2150257049161
#
577.2317003820206,273.0051876415265
576.4432081315546,282.95998468583906
575.2321850594137,292.89475486323727
573.6125251159102,302.7580210815734
571.5955950962558,312.5449421696318
569.190275091546,322.2605138873758
566.4162236393047,331.8701144005595
563.2908679448358,341.3597529641125
559.8218398813727,350.7445535709985
556.0343048196081,359.9915668314674
551.931107744553,369.12511732007374
547.5439441773765,378.1038633597184
542.87454903093,386.9517973026818
537.9420065152477,395.65576256824284
532.7664169829511,404.20318333784843
527.3516498472416,412.6078755077001
521.7114535783644,420.86560571438235
515.8648042668179,428.98910890424327
509.91887517848795,437.01141500235997
503.836155316187,444.94310082782346
497.64486989426223,452.8015168012429
491.37324412706084,460.60401334322734
485.06445691256374,468.3496615075528
478.7168492360442,476.09240008019367
472.3884438602528,483.8129686129518
466.0700771063753,491.57434382202194
459.8125394370552,499.36656293808704
453.5992239339011,507.22098927379756
447.5207570700287,515.1452823977859
441.6061274290084,523.2174072785377
435.8993560178096,531.4274633763669
430.41939974977373,539.8006466475375
425.2054188132565,548.3313204468051
420.28278847707264,557.0315680769124
415.6830623318163,565.8973261653933
411.4171338200976,574.958417698076
407.53134307682853,584.1571118217418
404.02634047928376,593.5190441277813
400.9139652938343,603.0321037654008
398.20520793144436,612.6604861155895
395.89819102367665,622.3802896157196
393.9782084730863,632.2014055805803
392.43898635815896,642.0690782883746
391.27160766094914,652.0084417846799
390.2296817231178,661.9642084479332
388.9969397215017,653.1345111833031
388.24201762151023,643.167152641198
387.98421878153675,633.1698266406673
388.225183803532,623.1610484089249
388.9624563378632,613.2006442087852
390.19759966710353,603.2662210095451
391.9240483538207,593.4173958270276
394.1372762739234,583.6724459440852
396.8327806628762,574.0494959710581
400.0060820450087,564.5665183718213
403.6473592629998,555.2541059279182
407.7587431360343,546.1363844274397
412.2055502892278,537.1853645749139
416.96111828239185,528.3826750936428
422.00793629944746,519.7603001625114
427.3556206821526,511.3020029109276
432.98502267144204,503.038814842176
438.7739231165899,494.89787469812484
444.75600197013375,486.86566040795293
450.8593823669648,478.95786617977694
457.0814522048196,471.1111579392051
463.3645934343536,463.3418171790819
469.7057966063094,455.6022662630351
476.0616581025124,447.89616106033327
482.4212363337456,440.1853859075532
488.77214741742614,432.4500793233515
495.0676379795987,424.667965248826
501.2703237348147,416.8356703054257
507.3833709561814,408.91493997476056
513.3691696974796,400.919752176851
519.2301668719033,392.81131211849925
524.9389032557051,384.5905090444874
530.4595021250251,376.26493691972206
535.7675405672755,367.7961146869698
540.8625092791874,359.17988756593763
545.723515337367,350.451930444754
550.3658299199697,341.5849159840064
554.7702031312947,332.61542937069686
558.9428714764065,323.5318817279877
562.7930888979873,314.2957594247489
566.4966546693901,305.00410862561785
569.8496076784209,295.58033163153664
573.0721733360291,286.1302347831727
576.0624776879773,276.5746069604084
#
1458.999542257563,199.00554310923417
1458.239258255586,208.9730093368022
1457.6267994331683,218.96041182351104
1457.2019154428656,228.94684075387505
1457.006125274225,238.94283572772616
1457.0847860562312,248.9432947613248
1457.4840346642861,258.92948392444885
1458.2503159771159,268.9081219369458
1459.4225435043672,278.83397015217304
1461.0359954556466,288.7047251643998
1463.111252173289,298.48315233125373
1465.659327344686,308.15142896283004
1468.6781793046894,317.69000718045936
1472.1438671732822,327.0568037390185
1476.0382823027849,336.26042604303575
1480.3358643994234,345.3040699173429
1484.9821672696607,354.1462187535475
1489.8989689854382,362.8546361102089
1494.985127474591,371.4780107107153
1500.193268426163,380.00922371733407
1505.4708772235126,388.50560782451737
1510.7580523475774,396.99330075602904
1516.0020113178311,405.51010028678826
1521.1368565347336,414.09169721920017
1526.1437102657574,422.7481060585117
1530.883168937373,431.53988626447796
1535.3395947575812,440.4952204364028
1539.4917928052646,449.60340434171127
1543.3127444730103,458.8388965990637
1546.7882151673439,468.20542884588235
1549.9017653906444,477.7075690337093
1552.6303927725676,487.3351642539507
1554.947544216715,497.06242172886596
1556.8319233910356,506.8785860095428
1558.2622339634777,516.7729016470686
1559.2171796019902,526.7346131925307
1559.6748163484858,536.7210319247841
1559.829087569535,546.7182086116076
1559.386782348009,556.7047077531897
1558.2734155006835,559.3763644511433
1556.3857201410228,549.5616124265129
1554.3119500075209,539.7823480542675
1552.0661989108785,530.0302805949912
1549.527258952136,520.3639888333477
1546.679638428047,510.7794201393838
1543.5249934630542,501.2840760212845
1540.068911798873,491.89563830216196
1536.3182899931828,482.63132462541176
1532.2721884049731,473.48807079970294
1527.9332569372639,464.47306565751455
1523.3136767569658,455.6064543881292
1518.4782671270623,446.85639551129003
1513.4141496696195,438.2276007590592
1508.1879250010427,429.71078441759676
1502.8460948363295,421.26223771268155
1497.4417504316657,412.84979214211677
1492.0279830432385,404.44127920370596
1486.6578839272338,396.0045303952523
1481.3845443398382,387.50737721455914
1476.261055537238,378.9176511594298
1471.3405087756191,370.20318372766764
1466.6999412951322,361.34014295696466
1462.432553352384,352.30208673711024
1458.5051939533337,343.11219889339714
1455.0666639223105,333.7296313562393
1452.1356132070573,324.15968754427126
1449.63074706209,314.4790651371516
1447.7432970012294,304.66537171494065
1446.4113063491325,294.76224364611875
1445.6207644790395,284.78873782811235
1445.3573434255663,274.7946100779366
1445.6018119695655,264.7995507651721
1446.334938891888,254.8232502593994
1447.5353222364035,244.90044006432453
1449.1845653512494,235.03556331293652
1451.2635244317762,225.2482208732734
1453.7489703563,215.57265676648086
1456.629349603175,205.99899327233317
#
586.041836264518,429.00590503786344
582.4507951654357,438.3399063797551
578.5464608048808,447.54142257101614
574.3058644582067,456.58752759310676
569.6949345530007,465.47435203524026
564.7104434370667,474.1402587485817
559.33346802433,482.56486192390037
553.5596157936704,490.7168789429197
547.3803234018837,498.58956993590255
540.8262730198851,506.1527636514156
533.9487507565963,513.3944198684403
526.7779426175031,520.366537625949
519.3974778253545,527.111274162693
511.8912705671854,533.7189460025871
504.3633691927835,540.3066352874151
496.94455735505414,547.0070270795642
489.76726747285784,553.9777375518979
483.00307573544956,561.3402743500992
476.8101795205779,569.1874284649602
471.32797153610176,577.5400218610181
466.63664102386736,586.3613255992459
462.7489193728983,595.5787242971246
459.6343254959244,605.0723102100792
457.2102858634657,614.7791921766466
455.3969241769065,624.6016949355779
454.1022721667241,634.5312923333071
453.2560935404686,644.4939371297587
#
586.0428279723499,429.00706252823255
584.1105629506594,438.80555031635186
581.5915648440188,448.4874528578017
578.5109734521425,457.9944409111376
574.8825251233577,467.3166258684253
570.7358629612551,476.4044054851681
566.0784986335528,485.26062065309975
560.9430066284539,493.83699667698085
555.34238992579,502.12331282500736
549.3048651172222,510.08541296717226
542.841969745338,517.7124122925997
535.9729041200446,524.9813932155513
528.7603150364373,531.9175153313237
521.3675089604848,538.652459359217
513.8547646928533,545.2387007027977
506.3424954074148,551.8380335374884
498.9649779224544,558.6021103131771
491.88366422366573,565.662024231942
485.2594249053786,573.1483846638166
479.23799315788597,581.1326239864327
473.93865722483395,589.6148869618653
469.3844061549222,598.5098015145437
465.4878700429797,607.7174874007582
462.15934374999995,617.1374982910156
459.29141184788944,626.7308197552087
456.8000599819915,636.4006806529692
454.49098697137833,646.1373333816529
452.42474168671987,650.0901522102748
451.4337125124065,640.1382926785604
451.0435306141871,630.1489966642096
451.2935194914828,620.1586487984742
452.2936821734383,610.2048694084997
454.0955086019196,600.374192931097
456.73597327790173,590.733468745779
460.22686948777755,581.3662365660733
464.5552940453738,572.3460453651176
469.66187388514743,563.7684631291958
475.5055870624874,555.6420708892615
481.9823022083154,548.0316745126831
489.0160159008102,540.9326649643617
496.3492328399616,534.1223146538343
503.83572894355746,527.5093469780069
511.39939980100837,520.9589858575016
518.9071704830961,514.3714764513398
526.3052059291394,507.6383739278166
533.4750552006205,500.6594340345065
540.3895290316093,493.42858398797983
547.0290658607069,485.9676959081635
553.4016595438212,478.2508898887168
559.451195506744,470.2796148309707
565.207841205827,462.1120655432939
570.7334765115589,453.7837951063867
576.0893934970547,445.3300206921789
581.3193886479736,436.8134531326294
#
1471.9985415443643,562.9950988248713
1469.0457932472113,553.4391591673333
1465.819926904079,543.9755369654085
1462.2098503262955,534.6600051754139
1458.0962980686725,525.5476072404533
1453.371213681797,516.7333472571859
1447.9504656943493,508.3444766387623
1441.7532673187554,500.48290918178856
1434.7898273247974,493.3109991224938
1427.269006996097,486.7445049864333
1419.425764223948,480.53553902040426
1411.4228379948008,474.52447911988014
1403.4436669091285,468.5124991765991
1395.6675250616292,462.23056735702596
1388.1951150498335,455.58048863739873
1381.1198231357037,448.50113204451645
1374.574676990137,440.9660000038539
1368.659407761973,432.9071007434215
1363.4077760929702,424.3817864070118
1358.7748923277925,415.53010345691587
1354.764227906331,406.36008865174983
1351.4099241479535,396.94999769411504
1348.7189191518949,387.32331037748827
1346.9923321963552,377.48849514122617
1347.4931752649484,367.5220943557366
1350.699195039485,358.09794341343115
1356.7259687690935,350.178385958859
1365.3265795719549,345.26508538161215
1375.2316324514384,344.72571092014783
1371.9704233710168,346.6340851891041
1363.556287551753,351.81305504396556
1358.7176382803032,360.45508750936017
1357.810859767355,370.35716485604644
1360.122554060684,380.06061931064056
1364.207502590018,389.1794841537891
1368.7104255285421,398.09604164812185
1373.6321630166115,406.80956906865606
1379.0552337544225,415.21521218894617
1385.0212610477852,423.23263447192335
1391.4967912264558,430.83604530880024
1398.4776176390776,438.01724844693837
1405.8915950998855,444.7026058704678
1413.556244025983,451.1372359447852
1421.339230538977,457.40583607109033
1429.0964953681123,463.7352191223953
1436.681468360364,470.24145301939063
1443.8078462440396,477.2399589998117
1450.3124858172139,484.84449849905894
1456.0814059380275,493.0169534584625
1461.0228781961093,501.695114556166
1465.0876034940538,510.8260389369992
1468.2431049088768,520.321799974543
1470.4844123979406,530.055426526967
1471.852147618105,539.9505174230309
1472.402577303812,549.9385971186367
1472.2027341735438,559.9337033957697
#
1364.9977346578034,567.9934361305299
1361.7305476878284,558.5406278989315
1358.3900554293407,549.1216480134211
1354.8572591544034,539.7748856718742
1350.992326248056,530.5477863108106
1346.663846630937,521.540667532626
1341.7385654837344,512.8332828117708
1336.142187386222,504.54629773060094
1329.8609260260284,496.7781859561414
1322.9281724753837,489.57546981849356
1315.4265581242316,482.9531406993908
1307.5424089960136,476.798676657863
1299.6699003547064,470.64330200877316
1291.8970463102135,464.36716744782996
1284.2691499058008,457.8765924811363
1276.8951390918567,451.1231183282706
1269.8511054968887,444.02907499825363
1263.2281243831233,436.535725960047
1257.1319513942735,428.62327714241894
1251.6347150853348,420.26955015296585
1246.8099945362344,411.5110645379996
1242.691494838725,402.3950402386616
1244.8453646262064,401.62106663747693
1252.0709899906515,408.5357505922318
1259.4105843275188,415.3373574819565
1266.9110389746365,421.9352292518783
1274.6346949523836,428.28805849230287
1282.5587318420178,434.3990353193897
1290.624373374345,440.2990621213857
1298.8106561663549,446.05350330199116
1307.031589169391,451.72246404710353
1315.1958254318236,457.5113940086365
1323.162734622836,463.55269229644534
1330.8111631649285,469.9927253031294
1337.9873226717168,476.954758569229
1344.5103733499936,484.53069728954404
1350.2051527119831,492.73186555662846
1355.0103081931704,501.506995622092
1358.8994399288504,510.7143055071244
1361.8937643965917,520.2455692689819
1364.0293730609042,530.0091941775465
1365.3476495058728,539.9340435658088
1365.886031962224,549.9180883415394
1365.6856750619002,559.9015652944073
#
1283.993840382083,560.9931180503162
1277.3978672302437,553.4794221100958
1270.8402829107774,545.9322225708584
1264.1721636058242,538.4945682496726
1257.2237563786045,531.2897252281135
1249.884187205879,524.5153446094133
1242.0124918485742,518.3483800991787
1233.5577887806116,513.0304822196089
1224.5067531889872,508.773255930664
1215.070358469531,505.45768978159055
1205.4810150592698,502.64254614940495
1195.8805460365738,499.83706935757425
1186.4285411877172,496.5843884574798
1177.2714265399013,492.5812150885717
1168.615099762187,487.59476715854066
1160.5457136741393,481.68074514147827
1153.1419752249767,474.9724059044212
1146.4241675669164,467.5648430945461
1140.4271798014265,459.56269116399494
1135.1774348787,451.0553968826055
1130.7528569793703,442.1077359886169
1133.2600468993187,441.5460415120125
1140.8568065196994,448.04602980266424
1148.606322451748,454.37617592816804
1156.59131615448,460.3868547706604
1164.921911367908,465.9007712303922
1173.6433441686181,470.7999029843435
1182.7298242920472,474.94753751292814
1192.1775655135616,478.26172229144646
1201.7913411637114,480.9760530046576
1211.4391170758395,483.58263210377584
1221.0175954605788,486.4737297267169
1230.3707244013717,490.0246795003284
1239.2470125773186,494.58882515584753
1247.4881986761034,500.2520723640493
1254.9637510343193,506.8826767775416
1261.6359239382111,514.3203485407141
1267.509675797224,522.4196065898681
1272.5962606780904,531.0309472713479
1276.929416474604,540.0418160965992
1280.5432463992545,549.3643633254943
1283.4598929692932,558.9140540863501
#
652.9983863252294,468.0050352753619
649.7654037461333,477.4717393328683
646.1294197192437,486.77908609515725
642.0045454656224,495.8741628915668
637.26964964615,504.7010951959528
631.8345490502331,513.0783073227458
625.5646890889016,520.8677095542662
618.4203526604623,527.8479615114629
610.4571810791283,533.8945024283821
601.9078182296778,539.0619856891572
593.0501421110398,543.710607961104
584.2091817429659,548.3772417764994
575.6908208854169,553.6238069976098
567.8379506612846,559.7917977782781
560.8614274681519,566.949226033692
554.8305514246108,574.9247797784556
549.6779100967665,583.4785326332785
545.2571900638682,592.4456716982904
541.4428211496677,601.683353043627
538.1182057821134,611.1165405760403
535.1943767192208,620.6911292438263
#
652.9992606126907,468.00980717922033
651.8665829021622,477.9338901250761
649.9587945819287,487.7371072082482
647.2350141709023,497.3757780588661
643.6690674503212,506.69965244068015
639.192877924296,515.6489930244217
633.7789754676726,524.0492293732922
627.4142237362915,531.7331999509174
620.1011968068191,538.5464644659253
612.0164875111118,544.4408277765996
603.4082806462943,549.5342622023375
594.5526396484375,554.1824458007814
585.7362584291963,558.8748574778788
577.3614191643219,564.3343591910491
569.684983080037,570.7376932942925
562.8149460806617,577.9936397940147
556.8041948681723,585.9817062140029
551.2771052334964,594.31606446828
546.1402983617435,602.8962246294467
541.3355914856978,611.6575194998468
536.5787719053217,620.458617923432
534.2354114667013,620.2289571399905
535.223330633289,610.2783123374278
536.9287385960794,600.4200755546975
539.4111811442286,590.7523329622403
542.75832274402,581.3179536034171
547.0211979827881,572.2955152511597
552.2747598577439,563.7886858122796
558.5346330315485,555.9810727332354
565.7251761508003,549.0504934726201
573.7758477653816,543.1261546194424
582.3712045248076,538.0449424704165
591.2476075398515,533.4057702848285
600.1517516436753,528.8521472407757
608.6718254394747,523.653880653308
616.5408235932484,517.4788711075175
623.688175586359,510.4861690002395
630.1558493280364,502.8695292526437
636.0671516555244,494.8127193685019
641.5902724060527,486.46244475134824
646.8745053029556,477.98234388990625
652.0985896506905,469.4594574561715
#
602.0702273276689,669.9910282008285
605.593852744065,660.6338675908651
609.4235318588951,651.4145722569212
613.6348350898829,642.3398738791323
618.2939791455842,633.4924170094085
623.4934857411149,624.9548251837086
629.3392767488127,616.8410691009501
635.911471028313,609.3198027197002
643.2639152021749,602.5301803618839
651.2796943923335,596.5775137085385
659.7746661584603,591.3007488676737
668.4581266545764,586.3153585935784
676.9989285668341,581.1243138055352
685.1184474268704,575.2995177351187
692.591656471211,568.656961393878
699.2998877236676,561.2569866605281
705.2696288135891,553.2441643286228
710.3412909171507,544.6343368086442
713.2849984855651,535.0878093223572
714.5284391518188,525.1911996861761
713.7932050808715,515.2296957164342
710.7342436737268,505.74708403652915
#
602.0676248382936,669.9948422805651
603.5729599978209,660.116848285991
605.7064794686353,650.3564486176118
608.51222509931,640.7504801130583
612.027354634465,631.3925151261793
616.2987908421755,622.357609302342
621.3687589586943,613.74238002061
627.2667328237724,605.6609183902247
633.9700460639091,598.2674800775902
641.4693263151122,591.6351277096367
649.6290448959693,585.88229996375
658.1895624720256,580.70527794989
666.8520012067324,575.7030341987728
675.3598732730122,570.4467755458832
683.3905678745798,564.5044001553578
690.7864409326435,557.7810694308589
697.5402434263704,550.4200274092248
703.6632278585814,542.5232578703932
707.7723982276952,533.4171849798848
710.168811347523,523.7211932959647
710.5324851764738,513.7469786602483
708.6690356983653,503.96053077344317
710.9026754982198,503.62613939553717
716.0068196206091,512.177673649311
718.7206758621622,521.7767662569238
719.3272747651961,531.7420633113226
718.1039136090939,541.6623096303967
715.087967650992,551.1618207106267
710.3471888448258,559.9628458890063
704.732945449683,568.2359199587173
698.3092471813277,575.88824104636
691.0997528951424,582.8122453820582
683.1331375538521,588.8380457756368
674.6994497614317,594.2032452170624
666.0422001406099,599.2275437937799
657.3885529479534,604.2218039267063
649.1588308834213,609.9100999652889
641.5686797123839,616.4273135505612
634.6113215672653,623.5914639807642
628.1941260809322,631.2582457155288
622.2190690049673,639.2781162463184
616.5680686142128,647.5280041531868
611.1147491510676,655.9074600853734
605.7245533605814,664.3384402027131
#
865.9963837471896,585.0060881965636
860.956986885413,593.6434592082223
856.0648925118859,602.3555242311328
851.3251339196503,611.162126739253
846.7558495897935,620.0631580425787
842.3771163083775,629.0570626785241
838.2150395171311,638.131024702437
834.2747501046786,647.3217140025764
830.5833646511566,656.6223306658246
827.1675516744032,666.0264327494336
824.0525575811197,675.5286719741614
821.2610506008763,685.1256667005714
818.8117611398459,694.8170284449378
816.7209682564054,704.5907582288494
814.9948387736769,714.4424929264294
813.6315508148932,724.3469196706465
812.6120134361429,734.291724029885
811.9002262551857,744.2773161089965
811.4459706204354,754.2607792785149
811.1795542334219,764.2678168046318
811.0218039611899,774.2501649236606
810.8843484069909,784.2609815626322
810.6790827799458,794.2585481893038
810.321981738445,804.2520381058973
809.7398811034225,814.2288369768851
808.8726303097062,824.193507863868
807.6781891415544,834.1233759828298
806.1297245762865,844.0113309079095
804.2198572093155,853.8195637004427
801.8470243348529,863.5323580649076
798.9294112128671,873.0843000113009
795.4161636680085,882.4514822988664
791.2665272135765,891.5423573274574
786.4177204038748,900.2818522527919
780.7995453683379,908.5568609476076
774.3492901034512,916.1949588884486
767.0049740374728,922.9791312553195
758.7529156234523,928.6145123835056
749.6754236653838,932.7545490570883
739.970834016056,935.0837020351844
729.9816978522867,935.4191774933672
720.1261906755808,933.8177983891205
710.700353479504,930.542501020336
701.8381250450434,925.9163881572226
693.5979168260346,920.2529045538743
685.8373053978056,913.9569605493207
678.3134092886756,907.3639967791617
671.2117454916472,900.3286917505786
664.9299919628218,892.5730749937472
660.3858746382683,883.689839249849
659.2647241230234,873.8300242670178
661.9992903434703,864.2613081424581
667.0053860768741,855.6118842107728
673.7846271451507,848.3543374856199
682.7741444377452,844.064753195174
692.5546265056822,842.0497884445125
#
865.9962478263179,585.0075448838958
861.5871706540283,593.9808923547288
857.2797204509378,602.9975612229109
853.0870377426004,612.0817138898569
849.0402467754598,621.2193310958645
845.1499919887556,630.4429131344932
841.4537458004801,639.7227684098793
837.9633409372589,649.0918793785297
834.7043137108443,658.5521509426834
831.7072776372743,668.0893281562776
828.992431180102,677.7212560865939
826.5934859943127,687.4169867122637
824.5269481989036,697.2108167452534
822.8269014879785,707.0545250903109
821.4945706300673,716.9681444190448
820.4773607537368,726.9186737478528
819.8284902996517,736.8902831924394
819.4714771179156,746.8957608733631
819.3305245926741,756.8842094111686
819.3269356080111,766.8810983528007
819.3832614155469,776.88644873554
819.4220478215208,786.8875034388996
819.3663566818204,796.8842509626046
819.13983984375,806.8766796875
818.6667372607997,816.8647778760618
817.873112017438,826.8483488784626
816.7706622483711,836.7798481471184
815.3193500963614,846.6704926879613
813.4676552414049,856.4989680156742
811.16531595421,866.2307146054449
808.3579374401316,875.8269875575951
804.9552549553056,885.2345555601523
800.937889224973,894.3816358523128
796.2675324563747,903.2153271194585
790.8873388944855,911.6582719246336
784.7676731278403,919.5515839849496
777.840382922426,926.7621488592326
770.0951609533182,933.0744184279482
761.5636319600078,938.2637620958967
752.3460744996235,942.1231352114157
742.6482903687887,944.4929646800376
732.6714758113535,945.1198563447801
722.7581016712188,944.0164476380348
713.1191702019511,941.374717638051
703.941143826574,937.4309454681799
695.3090650634765,932.3922519836426
687.2863783244644,926.4247093141811
679.8532955205749,919.7394530892906
672.6387852193478,912.7963996260378
665.8971191825866,905.4379843673707
659.9916903486593,897.3564935846666
655.6194514245688,888.3954005280746
653.7537835658118,878.6093912908286
655.2616753173862,868.7884951521112
659.7066004987955,859.842524315536
665.8374085131679,851.960091296072
673.5213625595868,845.6403185777068
682.8816912449896,842.2474796025156
692.795974402558,841.1470367780104
702.2008097219737,841.5279912371998
692.3261928944588,843.0424520430564
682.7609941197134,845.9166558964299
674.3433531095357,851.2073122134273
668.7292105163325,859.4096050736931
665.1482733771177,868.708854435512
665.0150147350281,878.6113270773143
669.4484230685978,887.5124330806286
676.1286698728668,894.9408913989979
683.6544702024459,901.4975465955733
691.4793422873018,907.7362353014348
699.5048313143252,913.7027977675795
707.9224577275567,919.0774253629688
717.0421660890578,923.1807664630412
726.7398256918191,925.5247039347588
736.7172276949668,925.664635697879
746.4371352248041,923.4208498021103
755.4003750905244,919.0400691810735
763.361378054295,913.0060285951772
770.2817721999577,905.7974401641046
776.2337691630291,897.772023893177
781.3171561126761,889.1674477459733
785.6322114135014,880.1355448814708
789.2987249342308,870.8412437694628
792.3741037152902,861.3331987846512
794.9032486571845,851.6579171015308
796.9396534691555,841.8640341581676
798.543311313629,832.0017497940063
799.78395387065,822.0726757626054
800.7255698157348,812.1109413163664
801.4328386588236,802.1507706035583
801.9732796334624,792.1593017829657
802.4083573662589,782.1699857571845
802.8009267979048,772.1827676308101
803.2142989165086,762.1809340567347
803.7105045616217,752.1981565141349
804.4292585449217,742.2274025878905
805.4718232007,732.272027316469
806.8326109244226,722.3716961022018
808.5299301791085,712.516491431477
810.5789953910289,702.7312505300873
812.9995830038347,693.0239373216209
815.8037119530206,683.4367253993348
818.9855487919411,673.9577007445972
822.484964423893,664.5804403280945
826.2865925699103,655.3301835155592
830.3729912413235,646.2056297193965
834.7267184494626,637.2054783520123
839.3303322056584,628.328428825812
844.1663905212407,619.5731805532012
849.2107856631904,610.9495261004088
854.4660728758871,602.4228854183704
859.8876811392507,594.0360254886474
865.4862296040446,585.7441882467641
#
874.4975682328446,599.5087834190753
871.906512199477,609.1646597451464
869.4805169161755,618.864261711264
867.2389834508347,628.6077816954734
865.2034966678634,638.3867194726159
863.3891757094945,648.2288560208752
861.822592110878,658.108078376429
860.5263830222149,668.0162030319228
859.5216280592418,677.9632785653314
858.832767724251,687.9411679498799
858.4844962984608,697.9416436948538
858.5013843525599,707.9381543218244
858.9064449227732,717.9223804376911
859.7245704360007,727.904160533905
860.973135756441,737.8207015637124
862.6698504389287,747.6704683370739
864.7227943334578,757.4607798686027
867.3404042737857,767.1100858174087
870.4249243685452,776.6152204030643
873.87412651903,786.0106554704385
877.5590984157172,795.2960707066161
881.3673738769371,804.5449879634577
885.1612798361491,813.7950134434495
888.8002719778189,823.1071307407625
892.131491115255,832.5465126298088
894.9702358155221,842.1162040692149
897.1473793359685,851.8791821457281
898.476070592277,861.7821668292368
898.8125937098052,871.7823473906608
898.0740204996325,881.7490328868712
896.2601545467846,891.5874592682615
893.4505799296837,901.1768379322234
889.7653948547145,910.4617371393722
885.3429707042544,919.4306135417714
880.1480342847556,927.9648906866387
874.0795579715589,935.9089158347564
867.058948882119,943.0326112836636
859.0615631947613,949.0099670752895
850.1372458463379,953.4869827287059
840.506353518213,956.112309128468
830.5715159214138,957.0237671806216
820.7753477519789,955.2334466799125
812.507096203953,949.7703588397047
806.9596058234274,941.4986694587087
803.8538272079145,932.0369070907931
803.2269695939196,922.0820950236729
804.7534379098478,912.2110803491017
808.1455956631947,902.8137980709571
813.1180244338838,894.162456927822
819.4793795798421,886.4470325989128
827.0559637394144,879.9571272925743
835.6730744063348,874.8943730719134
835.7490395390857,876.1119484520926
828.3829016081459,882.8779196327431
822.227835735321,890.723214717865
817.5083653322394,899.524031726201
814.4470559732546,909.0478379183996
813.3189729553277,918.9630684151832
814.5048301241579,928.8387824526149
819.0644384074212,937.6908472685813
827.425989408493,942.4689016675948
837.3181144391541,941.1406668559498
846.5443708840515,937.3764642440193
854.5319367074799,931.4107947864495
861.1509267732948,923.9341189028919
866.5357894254133,915.5138543392695
871.0526195982966,906.5831726038958
874.7233760147477,897.2962033594082
877.368627280714,887.6550186699743
878.8142899465338,877.7730305096059
878.9868034778318,867.7829963885883
877.9482387806795,857.8334813405995
875.8940902622214,848.0532955939278
873.0819859489845,838.4673335075695
869.7590833158561,829.0163546834254
866.1702472925681,819.6890059236677
862.5001012054954,810.3979382895096
858.9021020008195,801.0696945928505
855.5095218434673,791.6601789186278
852.4315320228503,782.1378537370622
849.7246450318372,772.5062031142679
847.5154832515943,762.7696679146653
845.7950192940967,752.9182389059024
844.5586432936415,742.9892232911661
843.7971003320923,733.0206422776829
843.4966199383708,723.0279968673236
843.6434316413981,713.0267880619595
844.2228584897192,703.0439420902662
845.2197144198155,693.0948565095167
846.6189092267047,683.1948229157317
848.4054482941515,673.3590272473724
850.5671271683639,663.5913678555651
853.0872609529106,653.9182114514001
855.9545861031224,644.3435252828629
859.1594376531477,634.871729986037
862.6935953967334,625.5078759743958
866.5363957813677,616.2892694783748
870.6938018122513,607.1901488722867
#
881.5045291715194,718.5049483349794
888.1065088734692,726.0013381487606
894.4330134516543,733.7494472519676
900.4769593905859,741.7242571789042
906.2278410502366,749.8999213262982
911.6910705527459,758.2785197867039
916.8548016656712,766.8431006670049
921.7067354126265,775.5791310796105
926.2401086875954,784.4871831594844
930.4450428236721,793.5705024989381
934.2919031103739,802.7939050354
937.7723183975609,812.1761565472032
940.8543244633091,821.6827123302581
943.5186104100845,831.3199600908166
945.734569344288,841.0667455925857
947.4730371317651,850.9153930896323
948.6984259798057,860.8295787853327
949.3790842122085,870.8144169276322
949.4773640865196,880.8040180668315
948.959167853239,890.8020842882656
947.7950928146926,900.728163049607
945.9579661766503,910.5580115092461
943.432745020704,920.2269900620156
940.206596477557,929.6995685105592
936.1901669119464,938.8399732058435
931.2740521046234,947.54961287543
925.5701281692515,955.7557379086595
919.1736233613223,963.4344575525254
912.1711474141963,970.5753042512665
904.6472347144686,977.1682282461658
896.6843666854027,983.2035926652404
888.3250178662845,988.6953843271723
879.630761912727,993.634118944641
870.6485302403418,998.012856062203
861.3971165921256,1001.8275369608605
851.9369751539642,1005.0461022965185
842.244720876852,1007.5224073221253
832.3825460261522,1009.1339723835436
822.4085872889516,1009.712941881045
812.4383039321899,1008.9965323562622
802.7315225443706,1006.6877023887469
793.6482394911051,1002.5408517910523
785.7543053121952,996.4463100169186
779.6730992752043,988.5448293117927
775.5193309512222,979.4564053581795
773.0876982953046,969.7733218215376
772.0679911279669,959.8396202164377
772.2173545559906,949.832621937151
773.5579748258964,953.0699761885554
775.7635758513875,962.8103621816032
779.0514173088669,972.2561440626382
783.7551340040415,981.0532004378166
790.436930328622,988.4384901487554
798.9684493427014,993.6020455784644
808.5828885445079,996.2147711654758
818.574608903296,996.6413662870377
828.4760277029504,995.4308686402237
838.1854317698347,993.0202163519536
847.6207263527967,989.711786092931
856.7786513622029,985.6952577673699
865.6533145399899,981.0917732945288
874.2429587312364,975.9651132558275
882.5023176108568,970.3485849472997
890.388365642786,964.1853917575477
897.8274936908781,957.5309872492923
904.7200893987231,950.2678223094223
910.8934222154207,942.4088803103241
916.2201267244063,933.955311430514
920.5747769581973,924.9703068002387
924.0351506404521,915.5744094758835
926.7272822662545,905.9475788240321
928.6753532603328,896.1529729485022
929.9206215864567,886.2182796071422
930.5035296382727,876.23633733925
930.47902876203,866.252849522459
929.900469071332,856.2643554517396
928.8221106567099,846.331571284858
927.2919868873348,836.4498881126382
925.355208280715,826.6308579082195
923.0582489666939,816.9022495708466
920.4340895329622,807.2450589211717
917.5256017250213,797.6894190448581
914.3034884271622,788.2149555895328
910.7817325610667,778.8616072070785
906.9969981664419,769.5998773928582
902.9808189866601,760.4484359817095
898.748746675441,751.3884893797547
894.3237665586814,742.4201616085364
889.7288639622777,733.5435766895972
884.9772324142456,724.7410609874726
#
935.5063055547871,708.5045585416136
943.4688736345967,714.5375149848701
951.1551761727059,720.9385071101945
958.523788021937,727.7035050679222
965.5269845680384,734.8267866038395
972.1363259805532,742.3296705718531
978.2963675185157,750.214878793151
983.9305873535175,758.4605965078875
988.987573941214,767.0841558904378
993.3874547638886,776.0638508767249
997.0533362822364,785.3756945295049
999.9009074630824,794.9477466417675
1001.8750038796703,804.7479753414462
1002.9384145457475,814.696012022309
1003.3150373226648,824.6829628674957
1003.060750865601,834.6887255491614
1002.4056774925226,844.6618430035487
1001.6345781202195,854.6208434374666
1000.3742886680329,864.5460620738837
998.5752989170041,874.3893561193374
996.268180167079,884.118279783368
993.4439160545741,893.7007839514919
990.2476639096741,903.1759086884781
986.8696287558835,912.5885146062622
983.4946496523196,921.9970035757084
980.3064330809622,931.4877913273273
977.5214098458114,941.0813482227787
975.7375288616482,950.9175127971753
975.2526812197528,960.899384405337
976.1461666440533,970.8545095385083
978.6566768451678,980.5144860163264
982.744186678396,989.6355379853851
988.3062920602407,997.9247426696114
995.0372976755651,1005.3048875759847
1002.772832105538,1011.628322930565
1011.3767440098673,1016.6894529886765
1020.7180179803979,1020.2385570406682
1030.5653169932493,1021.9521598021438
1040.52146875,1021.4630624999999
1050.175220291777,1018.9223634693302
1059.224195685761,1014.689791003663
1067.509362352464,1009.1086346660866
1074.951339255849,1002.4236203749812
1081.5055855279509,994.8805806127237
1087.1645875930787,986.6511297645569
1091.9274086814964,977.8586496890205
1095.8037498167273,968.645228895966
1098.8209128103256,959.1265796618461
1101.0164113852059,949.3566355028261
1101.6050171185275,953.5933511678163
1100.8434131820593,963.5604911984864
1099.0587685846574,973.3869314351138
1096.2731048229762,983.0028882258251
1092.5210647366923,992.250344122725
1087.79298051933,1001.0658456494048
1082.1137599715034,1009.284953401366
1075.4909540094684,1016.774947712619
1067.9793848392337,1023.3565273496606
1059.652256958486,1028.8700532199473
1050.6236596675747,1033.1732514917016
1041.0312049068884,1035.9804975832678
1031.1119333432166,1037.0597862187321
1021.1417587637131,1036.4603120172603
1011.3912033227085,1034.3210053633452
1002.0326919252052,1030.8107107434123
993.2200453049915,1026.0999025461103
985.0520377039265,1020.3214368635994
977.6538156903162,1013.6026140940716
971.1365395083061,1006.0336278593925
965.6070373495817,997.711356770694
961.227909011757,988.7284972284351
958.0933292062635,979.2448119506751
956.1719297821053,969.4414867125538
955.4447582329938,959.4669826262232
955.917420413805,949.4820058628062
957.5010266286963,939.6175640288116
959.9081765852474,929.9032214841751
962.9112626339793,920.3772266401648
966.3003904633257,910.9613282539755
969.8522574158571,901.6138185389923
973.3554872124258,892.256126096547
976.6015667740878,882.7907060771391
979.3703778830544,873.1934312875047
981.689617313372,863.4570001872777
983.4370783568467,853.622822977682
984.7952899440006,843.698737528272
985.9256201481605,833.7784290583069
986.9052410794563,823.8121081520636
987.1463105808591,813.8299530929772
986.5090181348122,803.8401643608825
984.9913523272481,793.9653122871724
982.6237077750022,784.2652100807458
979.4567739012502,774.7753486667956
975.5728048497533,765.5538915263561
971.0692688869381,756.6361814686317
966.0231382219342,747.9965724006809
960.5369962278342,739.6509897366006
954.6684989322654,731.5464202086365
948.4983177745769,723.6723816809754
942.0948226950309,716.005710561413
#
1038.999500523737,835.9943786091728
1038.2063092463454,826.0312076630563
1037.4721178750126,816.0642497079137
1036.625665617663,806.0982770208059
1035.5033462942229,796.1570717950779
1033.9378322646141,786.2870761524866
1031.7439709265716,776.5293466814132
1028.7317348161507,767.0031564238341
1024.7043016083894,757.8457205800107
1019.5312560735363,749.3023316116472
1013.2453199628442,741.5425559749677
1006.2632786220156,734.3802745572639
999.0590913700331,727.4346236727974
992.0513272623017,720.2961239102914
985.6097066515892,712.6598783952852
979.9541059414853,704.4234987374733
975.170345092916,695.6398385820644
971.3731300927277,686.3996097755678
969.0897651505246,676.7024675633535
968.5675329789975,666.7150631636446
968.7382930618727,656.7214120044044
969.8531530450479,646.7945431538859
972.2656851382953,637.1050333290966
976.4461325947204,628.0367814234826
982.7901352955005,620.3515826649917
991.1832803089429,614.9827120745994
1000.6520286664613,611.8310138611237
995.9560299930059,616.2888135558212
989.0562130404894,623.5129919008117
984.7288520202637,632.4620797193646
983.1856146155233,642.314080255475
983.2078350168284,652.3183923188509
984.229188566029,662.2490731933117
985.8575384214296,672.1226410306394
987.3046268674732,677.490839563191
991.6415665126161,686.4977800762899
996.9465285801963,694.9677026655879
1003.0911437932873,702.8594594976689
1009.9686480355263,710.1103828294874
1017.0705025388598,717.1626617080794
1024.0043675618172,724.3598497748972
1030.457871633716,732.0088375284682
1036.0019786036125,740.301819891953
1040.4377936354554,749.271892842437
1043.713154295792,758.701090272882
1045.8899450637155,768.461840474212
1047.052411614858,778.393168516948
1047.31192869415,788.3819976806353
1046.7799081266603,798.3698975774042
1045.5585287643348,808.2885902388625
1043.7331920839229,818.1225300723477
1041.3783579696085,827.8395555534548
#
1065.507841933547,299.50478739335034
1074.103814233738,304.5976729528462
1082.843530044532,309.4566073465657
1091.7241343050907,314.060721811505
1100.7350399342702,318.38465614865595
1109.882862054086,322.4105212862081
1119.1752323356857,326.11821511004626
1128.5855607162061,329.4731841256919
1138.1395476374573,332.45891070455383
1147.792702144665,335.0351989065039
1157.571276406789,337.18200461643266
1167.4298669314514,338.86164730266603
1177.3585131398534,340.0467279061468
1187.3288437499093,340.70912400240917
1197.3306495275021,340.82453565621006
1207.3167154611006,340.37172532502717
1217.250540121736,339.29498349621394
1227.1381930500547,337.7866485149561
1236.9518550776156,335.86827551890866
1246.6787464911145,333.5424225531856
1256.306087577247,330.8116476629007
1265.795599168636,327.7147878670841
1275.1651115950767,324.185202414606
1284.3030801858977,320.13065529067813
1293.1226335093938,315.42697787305315
1301.4734451473241,309.93885630158377
1309.138736916563,303.5183934943678
1315.783786253087,296.07195232121643
1321.027172666687,287.57493914047603
1324.3605036903964,278.1702806047111
1325.6496501555391,268.263934030383
1325.0871314848457,258.292965661828
1322.9777935986835,248.53231905659715
1319.596475611962,239.1235159444114
1315.15331078361,230.1671256674859
1309.903240776062,221.66491667938232
1303.9778263828607,213.604666890878
1297.4954063481573,205.9938177817387
1290.5488458966759,198.80120213403154
1283.2230785387305,192.0017826009542
1288.3085763408176,194.1419636391226
1296.7694268842383,199.47424025411325
1304.7810303545682,205.45501545921337
1312.2879751847865,212.0464703353942
1319.1678717852606,219.30265008230512
1325.3356756414387,227.1676020125255
1330.6903696663067,235.60322415596016
1335.1008113080836,244.5715530963759
1338.397144108831,254.0024262120682
1340.392590814089,263.80931484181576
1340.8945878130933,273.772952560097
1339.780421790756,283.70457900126223
1337.0375995114357,293.3052905997258
1332.7868197519206,302.338069158034
1327.2430334969208,310.6547474592789
1320.628958191895,318.1536253776369
1313.172861986135,324.81638092767827
1305.0917755925018,330.6770025181341
1296.5064648731577,335.8349421827792
1287.5829031899818,340.34156510289705
1278.4015491181526,344.28061239585475
1269.0217321692407,347.7230558799282
1259.4729399737716,350.68882121557
1249.794089874818,353.22836963638565
1240.0259339677168,355.3976203899458
1230.181110347015,357.1422108068736
1220.2722571072577,358.4077782177925
1210.2988089654061,359.1405511957461
1200.2953795280562,359.27610272433606
1190.3101892468158,358.81924392615883
1180.3685772599958,357.7856169026816
1170.4918593974191,356.190547205163
1160.7206033113075,354.0542728146445
1151.094551525267,351.4012660755001
1141.5969259204294,348.23986385561454
1132.285815602308,344.6011314813206
1123.1633656608308,340.4980294520081
1114.2677160130622,335.9585623820009
1105.584761382126,330.9835244125908
1097.153072985686,325.6000644800447
1088.9935330915673,319.8268440120016
1081.1119009769836,313.67012444753345
1073.5309708580728,307.1465451964062
1066.273787693523,300.272962443689
