237.6299941931851,23.694084148909894
237.45588340759275,22.726760330200193
236.92683423042297,21.867378759384156
236.16713813781735,21.23956993103027
235.265406370908,20.808217544406652
234.31017545342445,20.548132771253584
233.3149826967716,20.420931576490403
232.3048402606696,20.40731886141002
231.3212796020508,20.496528625488278
230.32383334331212,20.69192411713302
229.37030292451382,20.979186143279076
228.44913796228357,21.35151121464558
227.5512697416544,21.80546177923679
226.70237292150966,22.318370713545008
225.88283084392546,22.891409411430356
225.09714117298836,23.5127027305495
224.3499842363596,24.168115940690043
223.62253293693067,24.864666010737416
222.91985919617116,25.587746269926427
222.24530272960664,26.319262766838072
221.39057488672435,26.178435869961977
220.45185242560692,25.809291892331093
219.5126755805034,25.453797684293242
218.58454010009766,25.111415405273437
217.63041909284888,24.766830671280626
216.6931630772294,24.434707286341585
215.75423322248272,24.10781969966367
214.8129133939743,23.78567898750305
213.86380261965095,23.466385601013897
212.9145706049446,23.15254312193021
211.95493449951172,22.8408721518307
211.0071421942208,22.538675044681877
210.0588321591169,22.242051929682493
209.09595694954507,21.9469440327771
208.13965248031192,21.660154139993246
207.17505077667536,21.377548897713424
206.22332794189452,21.10564636230469
205.25067471681047,20.83531738323392
204.27819052352572,20.573196933660654
203.32696208720097,20.325303397309035
202.3450890325755,20.078980751782655
201.3722358354833,19.845382907483724
200.39374556084513,19.622016222795935
199.43090207874775,19.41483941912651
198.43599076303653,19.215564452130348
197.46573104269802,19.037740141600374
196.47596757466323,18.875803136678876
195.4912926286459,18.7377012693882
194.4912427900557,18.625839615117293
193.490782906441,18.549657197315245
192.49507864315993,18.52001995785162
191.49235419290605,18.522020739957224
190.49899780273435,18.52908020019531
189.48668535996228,18.543079291190953
188.48893343687058,18.565607219934464
187.49112308353187,18.599306079894305
186.4974440930411,18.64705352807417
185.49616409540175,18.713359555006026
184.506021900177,18.801559591293334
183.51424331665038,18.91805595397949
182.52193414449692,19.06929901242256
181.52787319898604,19.262788873910903
180.57489082098007,19.494539195299147
179.60657424926757,19.782498397827148
178.65897497415543,20.119752653837203
177.7418775472045,20.50001175478101
176.83359876416623,20.936169650852683
175.96037351137957,21.42685726184398
175.12592349850573,21.96347282510251
174.3132875967305,22.55227842066437
173.54117595665156,23.17537780195475
172.79338984848002,23.84170899461955
172.071635094285,24.547952010631562
171.39272656917572,25.273905658721922
170.7419307631254,26.031739370822905
170.12084228515624,26.818349609375
169.53105574429037,27.630632836818695
168.98030331913498,28.455883331238294
168.46324490209108,29.30019431646913
167.97077147903036,30.180510619594713
167.5168211323023,31.074424884319306
167.0986287730094,31.988934040851895
166.72322273112832,32.910745360553264
166.3854735893011,33.85713185548782
166.09603807620704,34.80413320213556
165.8521065492835,35.768667286522685
165.65902668057942,36.746632863767445
165.52033876587637,37.7534135049209
165.06931908130645,38.2739296913147
164.0669447749853,38.1555703997612
163.07007969804107,38.06298368126154
162.07286262981592,37.99583687871694
161.0746047955751,37.957251684665685
160.0658587332815,37.95310523994267
159.0723198121786,37.9899894028902
158.0870754034072,38.06785566411913
157.09238658492336,38.18856631611125
156.10827358481473,38.35017966157757
155.11749293215573,38.55603708527982
154.1577447537414,38.79765757397399
153.19384203484398,39.08328059908352
152.24506316496408,39.40782942467486
151.3124541236425,39.770412053474
150.3970608904201,40.17013648820692
149.49992944483762,40.60611073159963
148.62210576643585,41.07744278637809
147.74895534969866,41.59292666010559
146.91329129985533,42.132911670999604
146.1000923258066,42.705561982989316
145.3104044070933,43.30998559880071
144.5313426606299,43.95734100025264
143.7922987854539,44.62318217728171
143.07992327422718,45.318104147842384
142.3828511995077,46.05486603558063
141.7274928177241,46.805770685477185
141.1019601085037,47.58306361861527
140.50729905138724,48.38585283772089
139.94455562591554,49.21324634552002
139.41477581162937,50.06435214473866
138.92787116764697,50.92189238963532
138.46649783148314,51.81734880658449
138.0487482515443,52.716699678888546
137.6598881904036,53.65300449244678
137.31532441961463,54.59072862698347
137.00850430180319,55.54618709131144
136.74511047895066,56.50003912837244
136.51993544050492,57.469354247255254
136.33391319735907,58.45333593604155
136.18797776040623,59.451187682813035
136.08468806801247,60.44255377441296
136.02173779465258,61.44574398092925
136.0000323779229,62.44001769821159
136.02028648429553,63.445388827314595
136.08498410519562,64.44064758986816
136.19563603226212,65.43050577307935
136.3537313670665,66.41322708360852
136.56432801891233,67.40200750748511
136.82236869319343,68.36450302743351
137.1321129053831,69.31412838280201
137.49490273436413,70.24880044813385
137.90554950351827,71.15308047694154
138.37037177358752,72.03892435478977
138.8826981408056,72.89173117519357
139.4501886332396,73.72241426316207
140.0647181749344,74.51727275371552
140.71544466860593,75.26467504553497
141.4205754014256,75.98570356929093
142.1587580347725,76.65857630669954
142.92721462249756,77.28409183502197
143.7479925248772,77.88006098948419
144.58313594034874,78.4202207888756
145.45537699759007,78.92186581075191
146.3358346801996,79.3707740110159
147.24964708387853,79.78198972165585
148.18102702124395,80.14926023154172
149.12776912933333,80.47368117519538
150.087758672731,80.75638452324085
151.05896887372248,80.9985360035021
152.0394582855108,81.2013325636962
153.02736820849475,81.36599987572176
154.02092014960945,81.49378988154233
155.01841332472864,81.58597838066518
155.99986866586843,81.64310182987712
157.00009717464448,81.66858831882477
158.00636290408673,81.66054787568748
159.0043172333541,81.61403290334042
160.00228093282902,81.52687796766753
160.9999240181595,81.39704239420593
161.9819555161649,81.22540928082657
162.94880319290795,81.01181941415183
163.91542936801912,80.75184985637664
164.86728977731428,80.44829181243665
165.8048322352022,80.10097860701381
166.7285045560915,79.70974356479012
167.6387545543909,79.27442001044751
168.50902618467808,78.81002577960491
169.38082841380384,78.29562492667348
170.21460248053074,77.75578832805157
171.02475707647392,77.18472155726515
171.8249830146879,76.57403525836766
172.60297269085305,75.93439847349771
173.34698560215534,75.2789960747212
174.08299427596037,74.58734823917388
174.78675205230712,73.88461101531982
175.4714579230547,73.16104562699795
176.13773418313008,72.41831351474276
176.7861682416161,71.6580552989163
177.41731390680187,70.8818903014157
178.03169264786877,70.09141607607715
178.62979483321192,69.28820794777596
179.21208094539702,68.47381856022287
179.77898277275264,67.64977743245662
180.33090457759798,66.81759052403271
180.86822424110608,65.97873980890843
181.40263567096554,65.11608008419164
181.91173034709064,64.26776283832616
182.41844922043384,63.39751176171005
182.91174670517444,62.52534077584744
183.39189668126986,61.65263534530881
183.85915223633287,60.780754868929506
184.3191750049591,59.88645386695862
184.77173677625134,58.99005532080308
185.22473837485535,58.09278559951112
185.67273879327112,57.20542182020145
186.120840113312,56.31785818293691
186.57091893687846,55.42637766316533
187.02665031526004,54.52370101009263
187.47269356546923,53.640213834699246
187.9268539189361,52.7406489434652
188.3770037841797,51.849027709960936
188.82790653954027,50.955915211287795
189.27664111546937,50.06709727086825
189.72929633867693,49.17051362255356
190.1835288337781,48.27080583887873
190.62829653367402,47.38984517261386
191.07873534321783,46.49765162110329
191.53225619659526,45.59935340104392
191.98598837229656,44.70063661044696
192.4367662436329,43.807771472167225
192.88111577926202,42.9276390725933
193.3375240007229,42.023621782306584
193.78401751950383,41.139242750555276
194.2396874141693,40.23668787956238
194.6891549504362,39.346418149303645
195.1372246772633,38.45891708937707
195.5893423964083,37.56339808657765
195.98686997243203,36.83868231642991
195.83987548828125,37.829736328125
195.6942314892728,38.81204303149134
195.5497955495864,39.79498157411814
195.40681629560888,40.7931305167079
195.2736562937498,41.77668975591659
195.15176674365995,42.785078830718994
195.05419662244617,43.77539137512446
194.98310840547083,44.76280489683151
194.93516278743743,45.763099193573
194.904505610466,46.757420253753665
194.8837692030519,47.77026716440916
194.86010489940642,48.765050768852234
194.8543360773474,49.77255553342402
194.87093072175048,50.771241864329205
194.90832698873243,51.76237696199678
194.9658155069966,52.76459112857468
195.0406186195463,53.76193246386946
195.13012485302986,54.756689979806545
195.23138622001744,55.75148174204863
195.34110348361543,56.749269504798576
195.4537907901127,57.73749156852253
195.56731945641337,58.73584535904229
195.67579186468384,59.73238982624374
195.77511408269405,60.731190957427025
195.8599504508823,61.720290007218715
195.9280577468872,62.71938800811767
195.97495233557186,63.71589170216583
195.997990001468,64.7127422178816
195.97810029149056,65.70713342189788
195.86260992631316,66.70757032215596
195.67524379849434,67.69053891658783
195.43506652832033,68.65937255859374
195.1525226008892,69.62151346683503
194.84198641777039,70.5594964981079
194.50066685676575,71.50154933929443
194.1360856883228,72.43953083574772
193.7569548217952,73.36477115213872
193.36706830248238,74.28870965301991
193.08598541259764,75.22440570831299
193.7892233276367,75.86868190765381
194.6889400754869,75.55602206289768
195.3720273387432,74.82629864215852
195.98559059143068,74.03296966552736
196.5615770514123,73.22104022987187
197.1244222585857,72.38697226345539
197.66665527343753,71.55732421875001
198.2042667065561,70.7168899923563
198.74043240806088,69.8661451432854
199.27032045273108,69.01673464961351
199.80032875293864,68.16136696301402
200.3219757920294,67.31601245091298
200.84932683883235,66.45965063162149
201.37499045059084,65.60569856464863
201.89102319819852,64.76823377497495
202.420141954422,63.91141490936279
202.95125968823675,63.058691926338945
203.47947110448033,62.20754828457721
204.0050586311892,61.35550119304098
204.52728982246015,60.50348588003894
205.04547585701104,59.652379243447214
205.5589761260152,58.802993798032404
206.07855609105434,57.93707790805842
206.5915595567087,57.07528646719758
207.09754158381375,56.218170737596225
207.5961290786043,55.36618641962298
208.1066872669896,54.48561775213923
208.59844304352998,53.62918124951422
209.09062270557044,52.76332786194863
209.58222428560256,51.889297114014624
210.07242956486996,51.00808300478268
210.5525086022215,50.13525069554919
211.0308051286498,49.25559562706505
211.49959939092398,48.38337690763176
211.97434991449117,47.48978498511016
212.4335158738494,46.61569276504218
212.89963571532164,45.71871228628908
213.35306255396455,44.837314922688535
213.80912597733084,43.94277032209676
214.26299070454667,43.04562201222754
214.71053031072486,42.15554929919192
215.16062831681222,41.25652437745594
215.60319519758224,40.37045587003231
216.05351444961968,39.4685462898959
216.50149031541775,38.57278551804251
216.94945679333063,37.680148725910115
217.3995356692746,36.78789027736522
217.85364423771853,35.89353354249033
218.30643192034216,35.00862198933028
218.76603813033552,34.11806962027215
219.2261799621582,33.23468021392822
219.69151390075686,32.352329330444334
220.17259336188437,31.46392866328359
220.65174584388734,30.601824884414675
221.1543114769459,29.719407950639724
221.65558784484864,28.85993354797363
222.17241028785708,27.99527497291565
222.7981344175339,27.471335268020628
223.75467345811427,27.778351430743932
224.71907869398595,28.03732013106346
225.70162362277506,28.255125695466994
226.6751222137362,28.425872922986745
227.66748543940486,28.552454003244637
228.67348070703446,28.629016372114418
229.66450613223017,28.649338114634155
230.67402150146663,28.60640109546482
231.65283051550387,28.495574750304222
232.6404579383135,28.304919220805168
233.60522791317666,28.0279750121478
234.5362761408091,27.654226292967792
235.4147128970176,27.17188435010612
236.21168336391446,26.56889372348785
236.8809703090042,25.84106085039675
237.374988495484,24.975034445151685
237.6156163263321,24.006664252281187
236.85976654052735,24.39110870361328
236.43591335572302,25.288907006308435
235.75624729812145,26.024235101342203
234.93673790998758,26.592518447861075
234.04304217807947,27.024993217363953
233.09342408001424,27.352531146407124
232.12293687164782,27.58569823682308
231.13768978118895,27.73796100616455
230.13486153520643,27.816907922551035
229.14605954587458,27.82644491970539
228.1383760871738,27.78103451021016
227.14003227710725,27.68326680660248
226.159534034729,27.534306144714357
225.17779548726975,27.33051437206566
224.21293060302736,27.075395812988283
223.25834743499757,26.77663806915283
223.46094962716103,26.13667194187641
224.1385142803192,25.40074212551117
224.8536030483246,24.708015513420108
225.61116685315966,24.050323617085816
226.4061317539215,23.43505989551544
227.22211987480523,22.878266215249894
228.08840057969093,22.3674915343523
228.9874078081362,21.92436423889361
229.92341697528957,21.55835089601576
230.87832616284493,21.28819463469088
231.85769852712752,21.12429461993277
232.87120976150035,21.083870250582695
233.85235220372678,21.210312013030048
234.81767578125,21.495019531249998
235.71732852935793,21.935393409729002
236.48446949005125,22.56890766143799
236.92826749324797,23.447174086570737
221.31954051852227,27.773496195673943
220.7925,28.631249999999998
220.28860038757324,29.486396598815915
219.79127922058106,30.36621379852295
219.31657308459282,31.243972966074942
218.8582830105722,32.133446141704916
218.41526159464382,33.01645165479858
217.9616402759403,33.92188328956254
217.51326171875,34.818547363281255
217.07011943911203,35.70616618715576
216.62311920166013,36.60264568328858
216.18156181477008,37.48894781474956
215.73659899778667,38.38235323845408
215.28840279877187,39.28193537853658
214.83686241567136,40.187195209339265
214.3970636564493,41.06712066940963
213.9444504442532,41.969908023265894
213.4933679968957,42.86582001507166
213.0420407104492,43.7573221206665
212.58847675599156,44.64721954348497
212.13045882514677,45.53867202296969
211.6728097230196,46.42124935351312
211.20567075550554,47.312913828715686
210.74107744039037,48.1899014075927
210.26922576241196,49.070218397537246
209.7953212785721,49.94374268949032
209.30952717192469,50.82826797566377
208.82581291101874,51.69836759720929
208.33498258984648,52.5709245084424
207.83577675995417,53.44832347427844
207.33621750880963,54.31691454811371
206.83647185041568,55.17713185777073
206.3272111331671,56.04553430178203
205.81820020726883,56.90598177358625
205.31036387659609,57.75763320992701
204.7938788405806,58.61746745514684
204.28021470129488,59.466883754059666
203.75904867502862,60.32343266418786
203.2368315716309,61.17689170986486
202.70832105373034,62.036196222383296
202.18713578593568,62.87963019984818
201.66167268325574,63.72637746198453
201.13261787777884,64.5755874620132
200.60071606324055,65.42630968416924
200.07418947135096,66.26568491623155
199.9945799791068,66.17016988739371
200.32115104354918,65.21358728006481
200.63270664670503,64.26924733029679
200.93449385975487,63.31651271799579
201.2205099567026,62.36753478452563
201.49436691350303,61.39993493778631
201.74582660675048,60.43491371154784
201.97121032059192,59.46571015000343
202.16378759860993,58.482765169143676
202.30922648727892,57.479836965799336
202.37841766357423,56.48845642089844
202.27673320949077,55.497285173162815
202.1242216873169,54.50558523654938
201.96601256646215,53.518623961256814
201.80511945404112,52.53318697144277
201.64227514632046,51.54588704959489
201.4799010801315,50.5673236221075
201.3138651895523,49.570157125592225
201.15112917602062,48.59443911157548
200.98539150238037,47.600958209037785
200.82068757654167,46.61264961566893
200.65662015147507,45.62590292447247
200.49282604001462,44.63719130757265
200.33127922226674,43.65690018432797
200.1682146835327,42.66004767894745
200.00889830768108,41.67590210102498
199.85205018438398,40.69231149335392
199.6982123657316,39.70466199065559
199.5498886156082,38.71102624952793
199.41793108463287,37.722994921803476
199.386814109087,36.725795733928685
199.44024855421856,35.731886662058535
199.5600803913176,34.740989287793646
199.7613896511495,33.762636074125766
200.0573774468899,32.800716364383696
200.44664630489424,31.878556714467706
200.9193084888719,31.004563522376124
201.4704690285027,30.165273034274577
202.07431099295616,29.3744254899025
202.72659645274283,28.613854901492594
203.4152626144886,27.88007136106491
204.12777260616423,27.172003626525402
204.85136594176294,26.49056041955948
205.58959777778017,25.823746312595905
206.35089703559876,25.158375072479245
207.11099724188446,24.51101942867041
207.8806335838139,23.868655957877635
207.20366412742064,23.511834959359838
206.25024764180185,23.209125873446464
205.2934271515906,22.914929744228722
204.33942807229238,22.634760211361574
203.380149640888,22.37095036663115
202.40677969977258,22.127509427145124
201.42784420847892,21.914068725705146
200.43305320739745,21.736126136779784
199.44301193222407,21.602648932114242
198.45205674529075,21.51337087213993
197.45459533691405,21.464576110839843
196.46077756335958,21.450001517022027
195.4555255223252,21.46664604344289
194.4665606315434,21.51583082503639
193.4692364938557,21.597950693732127
192.46566905388607,21.713312150695128
191.4733154296875,21.859645080566406
190.4939864336513,22.035708386293845
189.51477989183738,22.243623941246184
188.5383304680884,22.48339762392454
187.58158020144327,22.750742588733555
186.6189536781609,23.053451277902347
185.68148937003687,23.382475672125583
184.74540202483536,23.746943168463183
183.82810146018863,24.141733934963124
182.92144535183905,24.57215802632272
182.04261673921718,25.0320524377923
181.18523644804958,25.526991885378955
180.33567308841273,26.070307054450968
179.52442420005798,26.6486726552248
178.7425811339356,27.27562275775592
178.00446083411575,27.95089701575227
177.31948668584226,28.68117964086123
176.70353088378909,29.472852287292483
176.18455289006232,30.32355079315603
175.7890576171875,31.245155334472656
175.56509115800262,32.21568023649045
175.55414833009243,33.20803548768163
175.79622998714447,34.1731223499775
176.28702667236328,35.045199203491215
176.95971038818362,35.771684646606445
177.77297332763672,36.366338882446286
178.5647900390625,36.5946044921875
178.28368881225586,35.8338477563858
177.50812271118164,35.212958426475524
176.84876649856568,34.454871537089346
176.40231588363648,33.55920570909977
176.28556589111685,32.57295840896666
176.46679655328396,31.602433869466186
176.85979564443232,30.67653560601175
177.39006094336509,29.835653086304664
178.0229157485068,29.058085082992914
178.72089868187905,28.348112248778346
179.46895736103878,27.693933148989455
180.26335456848145,27.08335735321045
181.08926023980604,26.51761591994204
181.94415538694943,25.990933111155172
182.8182021021121,25.503862758664184
183.70258342837914,25.05646663681604
184.61387458147482,24.637652996880934
185.53497919663786,24.25362580396235
186.47359440920175,23.899688187435967
187.42590497556375,23.57666303625214
188.38832548215987,23.2852359931916
189.3435167705291,23.029460755971957
190.31604871733114,22.80233696934767
191.3036863735388,22.605450208039255
192.28961331672735,22.44254353037686
193.27118537375705,22.313738043224436
194.2755901625566,22.216687893914056
195.27121465543516,22.155717264380073
196.2707287736237,22.130601141378282
197.2766571201384,22.15702785283327
198.27359049096702,22.24733490973711
199.25202033445237,22.381750110089776
200.24077201560138,22.553458193838598
201.21997648105025,22.75254916399717
202.19418063163758,22.974957637786865
203.1613792143762,23.21686746329069
204.1265330016613,23.47736924886703
205.09031143262982,23.7557283654809
206.05147099494934,24.05257120132446
205.84102412462235,24.592926505208013
205.09338303804398,25.262367895245546
204.3503744130954,25.94524518898688
203.62363248560575,26.62937754825689
202.9064823621884,27.320539825642477
202.1862434387207,28.031663703918454
201.49371837954968,28.732795238820835
200.79870134871453,29.455330788670107
200.109765625,30.19248046875
199.44916080441325,30.921640194347127
198.77965815607456,31.68652567961253
198.1369017601013,32.449913191795346
197.51266668792812,33.22434017336927
196.9003834972158,34.02333080456592
196.3210114268586,34.82562567251735
195.75895042400808,35.66182530107908
195.2379268988967,36.509573459252714
194.75710198573768,37.3991747444123
194.3089453090448,38.28675175500102
193.86583043011836,39.1788857147377
193.4273503895942,40.068144346708436
192.9815001714509,40.975718194870275
192.54169928447342,41.87262626484968
192.1018365690054,42.77027158148005
191.66260034382344,43.66655568897725
191.2227445602417,44.5635111618042
190.7795087576378,45.46635375206359
190.34218462544376,46.35583639169927
189.90010116893447,47.25338004570106
189.45492752768098,48.155288069024685
189.00821967460215,49.058126953616735
188.5685658178013,49.94434254559688
188.12311036765576,50.839620720744136
187.67283716295844,51.74164254938252
187.22607960871073,52.63344605578692
186.7765478134155,53.52732418060303
186.32517877445906,54.4210684003809
185.87290948922745,55.312470191670585
185.4206769551069,56.19932103102212
184.96203384366237,57.09377144161961
184.50538050737813,57.978920008434216
184.04441315582955,58.86642896167003
183.5803351768013,59.75323513410055
183.11656610310456,60.63589370833041
182.650132240057,61.51362769007683
182.16418229308212,62.40077219262021
181.67470802718773,63.26674857484177
181.17067810058592,64.1301336669922
180.65181205819127,64.98953413109994
180.12898648044094,65.82598358420655
179.57965486216125,66.67364156652009
179.0259326171875,67.4964599609375
178.44489859578897,68.32654009583175
177.8590101085417,69.12983144661412
177.2565835823305,69.92135514358058
176.62553330421446,70.71398190498353
175.98886796904728,71.47678661933169
175.33457911139587,72.2231368772802
174.65021937219427,72.96414381211623
173.94722220420837,73.68429942131044
173.23746308626605,74.37039865339176
172.49603545589372,75.04441405972466
171.73466773288092,75.69250259167282
170.9528961716709,76.31292880803579
170.15024223327637,76.90393760681152
169.31326718406052,77.47217797160381
168.46721145370975,77.9983641073294
167.59874164059758,78.48974593058229
166.7073163929279,78.944494143927
165.8059078049846,79.35497011208906
164.8670369411516,79.73157115023349
163.91733359470965,80.06151587322354
162.97067529082298,80.34117929339408
161.9849338184856,80.58204215047881
161.0163157386519,80.77048938097431
160.02220843349352,80.91598960278323
159.03130655057495,81.01447215442313
158.02916532295527,81.06851920265473
157.03188137098334,81.07879453825997
156.02426349580287,81.05236031889916
155.03489069114323,80.99170535878045
154.03066883273422,80.8934168215096
153.04732331030186,80.75956394535723
152.0533123280853,80.58437544807792
151.0830860203586,80.37238697689723
150.12209649133615,80.11985052193748
149.15752031172744,79.82065033654915
148.22164571407367,79.4830280434643
147.30141319751738,79.10153782844543
146.39915488674305,78.67515015175566
145.51730989639998,78.20287851640722
144.65842758810032,77.68378216503886
143.8251708767656,77.11696881765499
143.0427392940875,76.51973492449149
142.2785712188482,75.86578132987023
141.5573952381406,75.17303176114335
140.88033978663384,74.44242059096695
140.2398408053501,73.66365436891327
139.65508242591167,72.85961569958133
139.1105209749937,72.0082956302166
138.62263811857437,71.13462053576484
138.1904527484963,70.2409663704061
137.80773053228853,69.31598480820657
137.48000034876168,68.3746304269135
137.2023941040039,67.40457580566405
136.98186657748187,66.43641683703288
136.81047820858657,65.4428111295402
136.69210569791494,64.45575331255793
136.62241816473775,63.46216136951232
136.60000777381006,62.46044631810509
136.6208797481656,61.46859063275158
136.68294542551038,60.468662958741184
136.7876952713402,59.462115301192966
136.9303022698546,58.48770997814485
137.11922560164237,57.49044174355804
137.34418419212102,56.52694015763699
137.61271836925297,55.56169246395118
137.91999366998672,54.613885217309
138.27178663132244,53.66734233918017
138.65432636917103,52.75735587694798
139.08077837675808,51.851116539165375
139.5433846144704,50.966567017993654
140.05049582026433,50.089157887668115
140.5829673855379,49.25114660282619
141.15910328868776,48.42300384470262
141.75729375334922,47.6352275546419
142.39823253607844,46.86011514096172
143.05799547195434,46.1262706041336
143.75951531648633,45.40795250713825
144.48999633789063,44.71971588134765
145.24836397886276,44.0625187510252
146.03354368209838,43.43731914043427
146.84446089029313,42.84507507383823
147.6649099251395,42.29641181970364
148.52366667301857,41.7723218058364
149.38902775596824,41.29244394700042
150.29140222575515,40.8402719581034
151.1975289286347,40.432876253017454
152.12231853753326,40.06276479847729
153.08204519718885,39.72516946844756
154.0238144190982,39.43802509126253
154.9984846646199,39.18521206370205
155.96963496660348,38.976795893128724
156.9538868782716,38.80867914262344
157.95027691058348,38.68172081326018
158.95784157449842,38.59677990611293
159.95668266739693,38.555099586090066
160.94257881164552,38.56106980323792
161.9417685699463,38.628203325271606
162.93283386230468,38.72943382263183
163.94125792503357,38.855232285261145
164.92318722724914,38.99484633088112
165.46768842360936,39.52955404475331
165.5242604653444,40.528650935441256
165.6633902961668,41.5133615155518
165.88620829574765,42.49650276780129
166.18138045750558,43.439275847673414
166.5558488552738,44.370945814698935
167.0013660031557,45.269985799789424
167.51427889290267,46.131925265938044
168.090934516266,46.95229367613793
168.71601184226571,47.71345806002617
169.4082352720294,48.438197452276945
170.15330649852754,49.108032608032225
170.9475725135114,49.71849299028516
171.7873803087324,50.26510806202889
172.6690768759418,50.74340728625655
173.57256132972427,51.14245860084891
174.5265011829138,51.47210843086242
175.49390903055667,51.716487455368046
176.1293866968993,52.18061619327404
176.11687083661556,53.183494958281514
176.08022894628346,54.178472734168174
176.01143707334992,55.1683289963007
175.90220692455767,56.171354230046276
175.75089599609373,57.15712646484375
175.55090079344808,58.14664032079279
175.30680561065674,59.108651618957516
175.01221044838428,60.06649657070637
174.6720581244398,61.00279872414656
174.2827042800188,61.928922622799874
173.8528523635864,62.827388801574706
173.37862086810173,63.71061302758753
172.86243166513742,64.57661345370113
172.31804732500575,65.40777277431451
171.73548268487676,66.2143382795155
171.1027327463962,66.98917523548008
170.4316019153595,67.72400779724121
169.7153781484626,68.43141541555524
168.9731978991441,69.09689383283258
168.1962092555128,69.73216478303075
167.38867075724528,70.33534256592392
166.5710975563526,70.893927526474
165.71561851501465,71.42796936035157
164.85922012606636,71.91511982604862
163.97250869529321,72.37262726649642
163.05907876610758,72.79626803398132
162.14037104217334,73.17485353723168
161.18624218940735,73.5179500579834
160.2363243377395,73.80814537033439
159.26168906211853,74.05068855285646
158.2859437869489,74.23414018750191
157.29977799668907,74.3539077937603
156.2968042822741,74.39990350082518
155.29002684243022,74.35982985578478
154.30693699647674,74.2323159661051
153.32545016519725,74.01165263690055
152.36867311783135,73.69840197227896
151.45736957155168,73.29931431598962
150.59534155763686,72.81816755943001
149.76038458645343,72.23878791749478
149.0102751970291,71.60243825435639
148.31002265303394,70.88312999014744
147.67661762498318,70.09481925375759
147.13133527240714,69.27044433993288
146.6559415578842,68.38882355213165
146.26023099385202,67.46982833333314
145.94387652263975,66.51946642140858
145.70626827278173,65.54335535126738
145.5487643066328,64.56517598436214
145.46526383794844,63.57254862003028
145.45500927009618,62.55653859228827
145.5181302935537,61.561027728458875
145.6483083027601,60.57458319842816
145.83910638332367,59.60331708431244
146.09082848131655,58.630530357956886
146.39390783987008,57.68328057914041
146.7516587433964,56.74422363318502
147.1623440571595,55.8181266443152
147.61291671833956,54.930644607832654
148.1107143396232,54.06451693349518
148.65411818507127,53.224185830159115
149.2415095187444,52.4140935066808
149.8712696047034,51.638682171916585
150.54177970700897,50.90239403472282
151.25142108972184,50.20967130395584
152.0168082972616,49.550227480158206
152.81977849178946,48.94587168798782
153.65859453856945,48.401371051669116
154.5315193028655,47.921492695426565
155.43681564994154,47.511003743484615
156.37274644506164,47.174671320067716
157.33757455348967,46.917262549400334
158.32956284048967,46.7435445557069
159.32303770077414,46.659226920949294
160.31491707444192,46.665963317155835
161.32101546714082,46.783092657197265
162.29640893384814,47.008056641668084
163.23452571479606,47.33384294589982
164.14139967242255,47.76017536954954
164.99628335570918,48.27573497412726
165.80322724327445,48.88229310914874
166.53255695223808,49.55535457015038
167.18921341493726,50.29557367220521
167.7815873171389,51.11929395988584
168.26974304199217,51.97325622558594
168.67428032875063,52.8984743976593
168.96910047417506,53.8496801665239
169.15335645779967,54.831776385754345
169.21980154395104,55.82283698916435
169.15946804106235,56.82808047413826
168.97904609143734,57.81531352877617
168.71087684154512,58.767532873153684
168.37336482226848,59.71310279250145
167.995563865304,60.63146238446235
167.58527452766896,61.54640803933143
168.29378906249997,61.5864453125
168.7429698562622,60.7049946975708
169.13949127197267,59.79002593994141
169.47778670608997,58.85461159527302
169.74422367572782,57.87585205554962
169.9102284294367,56.89990188658237
169.96996251165868,55.90541595995426
169.919694929719,54.897012799978256
169.76579442083835,53.91151593565941
169.50906555302439,52.94599421188236
169.15687499999999,52.02125
168.70752434670925,51.129305177927016
168.1629901304096,50.27783478751779
167.54564407773316,49.497722087353466
166.85403835944828,48.78124272540211
166.09421344973146,48.13379457220435
165.27220982275904,47.56077549830079
164.39406795270742,47.06758337423205
163.48023651123046,46.66513488769531
162.5385971069336,46.35465393066406
161.5609518432617,46.134231567382805
160.56876729734242,46.00999422475696
159.57238857429473,45.98187212020159
158.56281422402708,46.04407608658075
157.5870520019531,46.187509765624995
156.60276264429092,46.41540716171264
155.65763968069106,46.71407573670149
154.7320389994979,47.08452673196792
153.82885730620472,47.52349024683237
152.9610425452003,48.021471065543594
152.12075499147176,48.58002889871597
151.32947991127614,49.18087725993246
150.56972265508026,49.83353565841913
149.85261648565532,50.52633317708968
149.17132591623812,51.263996195495125
148.5435683446005,52.02419539660215
147.94041612625122,52.84216354370117
147.393671875,53.6753125
146.8904609489441,54.540504913330075
146.4331150817871,55.43510864257812
146.03358862716703,56.33315172165632
145.67367644775658,57.278110062778
145.37358175784348,58.22024372816085
145.1230163231911,59.19287001948804
144.9284033980593,60.18150361686945
144.79334216356278,61.17085126876831
144.7171759707108,62.170893016755585
144.70206252753732,63.167014504075055
144.7527002615202,64.1577711677458
144.8755685043335,65.15684772491456
145.07187024652958,66.13950042426586
145.34290492751634,67.10119774620048
145.68972410096785,68.03708702263422
146.11311584196983,68.94198106534779
146.61358885996043,69.81034454204142
147.1806462290138,70.62231128402054
147.822649760684,71.38780962613411
148.53931277477182,72.10040500159376
149.30223715193569,72.73236456893385
150.13442010343073,73.3026276141405
151.0034800637979,73.78836930713616
151.9196660273522,74.19693813718855
152.86215505324304,74.52016956098377
153.82534430389293,74.75933901607058
154.82244283020498,74.91810847222806
155.8123153641168,74.99242129738442
156.81191867972726,74.98904993668198
157.8128667767439,74.91737739488482
158.80960192620756,74.7831300830841
159.77982877791862,74.59503228351474
160.75470899544658,74.35077427983283
161.71289419651032,74.05761405944824
162.6509993647691,73.71972002461553
163.58353399835528,73.33333758473397
164.47260261385702,72.9168740876019
165.36771976056508,72.44826579585671
166.23152711212634,71.94662100791932
167.07847302426583,71.40441063031554
167.88966250206343,70.83448097839951
168.67915668078697,70.22759272143244
169.44423842682502,69.58475168779492
170.18219060656614,68.90696370586753
170.89029608639888,68.19523460403084
171.5658377327118,67.45057021066546
172.19365652620792,66.68981463432311
172.79670569457113,65.8829057586193
173.35394258326852,65.04816503645853
173.88737246692182,64.19329481720925
174.3797936739307,63.33669929305091
174.84120181553067,62.44830219402909
175.25961338043214,61.53452018737793
175.62699774444104,60.59895766854286
175.9354217576981,59.655992345809935
176.1891290575266,58.695174568891524
176.39236328125,57.7060546875
176.54399434064516,56.71962103938684
176.6528190559428,55.73156849334016
176.72654697455465,54.7395559720695
176.77189172543586,53.74298149868846
176.79487796783448,52.725929489135744
176.9623437911738,51.87800464862958
177.9512471741531,51.71874352740123
178.92763514551334,51.51405241331086
179.9042616184801,51.253974144905804
180.85259915343488,50.93826425252483
181.76600116603078,50.56269892081618
182.6681286996696,50.106195962894716
183.5164568606764,49.577883345633744
184.30449867122806,48.97379946978763
185.0259460669011,48.29015522226691
185.67470977776685,47.52336465390399
186.22935492098333,46.69644897580147
186.69930895008147,45.79765914157033
187.06825928129257,44.87144981101155
187.3469387203455,43.92496145367622
187.55075168423355,42.93205046877265
187.677555062389,41.94590104697272
187.7400065932423,40.956589532643555
187.73293101191518,39.94123237431049
187.59776206091047,38.95917101316154
187.38467055931687,37.981838908419014
187.12637181952596,37.01979292742908
186.83457949757576,36.06495778262615
186.5151002407074,35.11824724674224
185.74921875,34.9435546875
186.05630493164062,35.86292717456818
186.36,36.806250000000006
186.62633008956908,37.77740245722235
186.8378871154785,38.757921007275584
186.97326538085937,39.75255210399628
186.99504193663597,40.74533919394016
186.93642134666445,41.733586106300365
186.80136718749998,42.73478515625
186.58561811968684,43.70415276713669
186.272909784317,44.665942816734315
185.87190252216533,45.56624838831834
185.35755670592187,46.44062628217041
184.7570766187273,47.23154840045609
184.0642248178832,47.95123876218684
183.30397364497185,48.580793145298955
182.458315038681,49.14131250858307
181.58456834880636,49.60538425442763
180.6511073462665,50.001427296474574
179.70888686180115,50.317672562599185
178.75230786204338,50.56822138130665
177.7550048828125,50.76580810546875
176.77281469879674,50.90592148256488
176.39911220490933,50.071623153686524
176.10186737060548,49.12333984375
175.7829338571709,48.181235116720195
175.43100998140872,47.236209077835085
175.0448189163208,46.311572265625
174.62241580963138,45.425341796875
174.1325965038035,44.541125727891924
173.58293609797954,43.70120353698731
172.96925033390522,42.9140729522705
172.28969050347806,42.1840438079834
171.55707645751536,41.5214301776886
170.75717368724756,40.90652705550194
169.92569894313812,40.355647583007816
169.05577061764896,39.85032744407654
168.16874324798584,39.39080078125001
167.2577237285953,38.96293317198754
166.91621342629193,38.270661177858706
167.1347490116954,37.29451606534421
167.39211067978292,36.32645950657315
167.69043078273532,35.361997224017976
168.0218490573764,34.426917337998745
168.39615972723814,33.495341640664265
168.80538619548082,32.59019326306879
169.2557513448596,31.699599104747175
169.74687485646456,30.8280001515802
170.27815183315425,29.979338836418464
170.8487663078308,29.157083106040954
171.45770448684692,28.364250016212463
172.10376772854477,27.603428854839876
172.7855852569267,26.8768037932273
173.51810203868897,26.17107789606787
174.26779593590646,25.51841551897116
175.04823002666234,24.904337335750462
175.86738311524968,24.32293700761511
176.7144154289365,23.78203707970679
177.57611821085214,23.287888928130272
178.46017056148497,22.833748742630704
179.36450143299996,22.40130647085607
180.27263762093148,21.98160498677753
181.18994079001249,21.576978446915742
182.1083497212082,21.19578353203833
183.04627063930036,20.83555030524731
183.9846848218888,20.508309496566653
184.95594319202004,20.20763654150069
185.91571171462536,19.95039837062359
186.89605658821762,19.729237050935627
187.87596601866187,19.549649732932448
188.85915684759618,19.40961047708988
189.84842895030977,19.307024645805356
190.84573400087655,19.239739464595914
191.85224227257072,19.205554281547666
192.85328058944899,19.205409374821464
193.84879315880127,19.261686502117662
194.8430961016554,19.364222197781782
195.84135970592496,19.501941633224487
196.8266621899663,19.664704399800392
197.80204376880891,19.847211101918948
198.79267475128174,20.050789260864256
199.75650919976644,20.26392319081351
200.74121985517445,20.49499849900603
201.70572540283203,20.73283996582031
202.6828325048834,20.98413517847657
203.65019039926005,21.24215882074786
204.6042366524332,21.504807256639467
205.56091665674353,21.77564638353651
206.5363875581231,22.058900630380958
207.48939952373505,22.342050504684448
208.43614601672627,22.62919854680076
209.39231675624498,22.92476874977583
210.35412704740767,23.22740343577461
211.29940771422,23.529767845629248
212.25999647553428,23.841801554092672
213.21253624794073,24.155774183291943
214.15157501728274,24.469575922284275
215.1027464104688,24.79163574917475
216.03991608743556,25.11300106840208
216.99482330612835,25.444525545090436
217.9331343355868,25.774291686806826
218.8786726903915,26.11067633628845
219.82455178213306,26.451458170730618
220.75960399259813,26.79296057866886
221.70474788665769,27.144237899780272
175.03164826905353,50.66657298262231
174.09076488360762,50.30517834655941
173.19636123644187,49.87199359641411
172.3315478515625,49.368840332031255
171.50428098797798,48.80225130617619
170.72970538282766,48.18334213648923
169.99659884000198,47.50025328253396
169.31689224362373,46.75654147684574
168.71073446901516,45.969156617010015
168.1759659252502,45.13021284890361
167.72048537254335,44.24301280498504
167.35114776030184,43.310795246437195
167.07788893178105,42.35431851305068
166.89814664216712,41.36106864430942
166.81684596532955,40.37299122055061
166.96695578575137,39.58173676967621
167.87756781697271,39.98805279552937
168.77541632056236,40.43664269387722
169.63435051606967,40.923683510841805
170.472445042599,41.47128737133928
171.27601978659632,42.087358664870266
172.01472802281378,42.762410066723824
172.67981295779347,43.4946934402734
173.27668882355096,44.29196770273149
173.79979873076078,45.13978540278971
174.26283024951815,46.042929831072684
174.65847754225135,46.953910679444675
175.0142717075348,47.89517168521881
175.33337346360088,48.836231406852605
175.63156143633648,49.785969468308615
175.9217865665257,50.75605641908944
#
247.74326171875,58.64416015625
247.01589114068076,58.291551663251596
246.37340931892396,59.05683455944062
245.72548473539064,59.81500446546241
245.06432262929155,60.57566922592931
244.40216253491118,61.32518020587973
243.74121576505016,62.061700270281875
243.07286896705628,62.79517198085785
242.38803708076475,63.535343585014346
241.69900567054748,64.26868855953217
241.00750691413882,64.99335204601289
240.31527298927307,65.70747918605804
239.61325264202662,66.42007153804764
238.9033505070652,67.12855048588594
238.18764334728942,67.8301448007021
237.46838659549132,68.52188363588415
236.7376616668701,69.21024250030518
236.0088404304511,69.88138034488657
235.26499362806092,70.54915775522008
234.5109215177409,71.20659330924042
233.75219517348336,71.8458055335004
232.9684880591929,72.47904065392912
232.17137634277344,73.08962310791016
231.3592188049853,73.66864827774465
230.52466338470578,74.20395858757198
229.6308239363134,74.67934063889086
228.69436770245431,74.982759353593
227.70126075744625,74.85530376434326
226.98510600090026,74.19605505466461
226.83042520999908,73.21247749328613
227.048936958313,72.24287658691406
227.4412898492813,71.32764472961426
227.89047239780425,70.44284431457518
228.36266127824783,69.55650706887245
228.83007333334533,68.67832454172894
229.30412475585936,67.78766784667968
229.7769603273645,66.89929551528766
230.24290607038884,66.02386792274191
230.71223676689434,65.142080616171
231.18016618102786,64.26292606517671
231.65218620161062,63.37608600613894
232.1225038304925,62.492444432526824
232.593287900351,61.60792650086805
233.06034589545337,60.73040918827755
233.52699816942214,59.85365415215492
234.00360081992577,58.958204162155745
234.47164359819143,58.078836620505896
234.9403553624777,57.198212175385564
235.41022677585016,56.315408959833434
235.88528965234758,55.422851926088335
236.35313334260135,54.54385843472555
236.82210536058992,53.66274502007291
237.2907763972878,52.782197094708685
237.7577486410737,51.904840893298385
237.37677465438844,51.951067256927494
236.66454751968382,52.661199741363525
235.9554617500305,53.37047090530396
235.02241683006284,53.60260248184205
234.04626886248587,53.4349185872078
233.07040209770201,53.24595964431763
232.06996211528778,53.20260004997253
231.22875000000002,53.735
230.57553549706935,54.104951307177544
229.8983820104599,53.37932105541229
229.06539646625518,52.84824152469635
228.09798786640167,52.57428324222565
227.0999797922373,52.50136201679707
226.10013193905354,52.520948347449306
225.10524848666626,52.60612127251807
224.11929625732475,52.756523078185275
223.14433187007904,52.971606373786926
222.18251647672616,53.250591587321836
221.24854413531722,53.58752352185547
220.31953310489658,53.990266871452334
219.4339701949258,54.44043886721484
218.56948682581657,54.946359389898134
217.73936298390035,55.49864648365765
216.93464794158936,56.101670265197754
216.17751745589078,56.73600137494505
215.44015012628398,57.423531958507375
214.7443365639448,58.144050255417824
214.09143911362628,58.89352889615111
213.4678088287357,59.688089311821386
212.89222665266135,60.50453252973966
212.36616243594327,61.338513371301815
211.87428195564425,62.2176548823074
211.43403264107997,63.116886092262575
211.0492144649755,64.03142796666361
210.71698679081163,64.97759460587986
210.4488565903157,65.93861826695502
210.24841535094194,66.92852362864652
210.13010370540434,67.91768163093366
210.10139246252365,68.91593925193884
210.14718311786652,69.92144079685211
210.26507241137327,70.91255089677871
210.4675080370158,71.88367234431207
210.7736328036338,72.83274280406536
211.20896385014055,73.74494578421115
211.77086047649382,74.55025178432464
212.50512420654297,75.25126556396484
213.3566854368895,75.75476999126374
214.31609296150503,76.05028788663446
215.30547016143797,76.12932701110839
216.30905579090117,76.04901076316831
217.2671062612533,75.82847653388977
218.21131343185903,75.45188250899315
219.06272705078123,74.9636474609375
219.875711351037,74.35861561655999
220.60637649603188,73.69611980542541
221.2948064184189,72.96836796760559
221.93881431005894,72.19715473130346
222.4748541009426,72.03434916317462
222.92726498439907,72.93679760359228
223.44369651794435,73.79750812530519
224.0521235358715,74.57385422766208
224.80702430725097,75.24174816131591
225.67387487038968,75.71893095143139
226.63473415270448,76.00500258557497
227.6243987862766,76.12098260976374
228.62382907629018,76.07094685971737
229.5905591335893,75.78952873267232
230.49124213457108,75.38367781937123
231.37070602178574,74.89057053029538
232.20521683245897,74.35354494638742
233.02921060647816,73.76922593980096
233.814453125,73.17001953125
234.58926285009832,72.54357857617549
235.35821957850362,71.89126794333919
236.10728456288575,71.22949348814785
236.84262295216323,70.55684172324837
237.5716885542497,69.86923276907764
238.29228507805618,69.1708195546735
239.00242187499998,68.46544921875
239.7003015136719,67.75667938232422
240.395400011451,67.0361860714166
241.08659012943042,66.30602002248983
241.76152605061887,65.58036997346557
242.44174005623444,64.836865339129
243.103679035143,64.10198221451253
243.76934120324907,63.351998170804
244.4265782977268,62.60098607937806
245.08627342503985,61.83687950292719
245.7362426552968,61.074141488085736
246.37586729552598,60.31409293307922
247.01623281636742,59.54387958228006
247.6568325352669,58.76416500389576
229.37190498828886,56.46317946910858
228.97583387456834,57.37311177290976
228.53555267162622,58.281899152323604
228.08605027685874,59.16298546199687
227.6199811307993,60.0479988923762
227.1473545732256,60.92576777511277
226.66292686735278,61.81062698434107
226.17489137248137,62.69052435248159
225.6902001088392,63.55530942161567
225.19469549161383,64.43176838639192
224.70270938955247,65.29566283263266
224.2084271649178,66.15821695723571
223.70584578507578,67.0305449848529
223.2092961624544,67.8884079430718
222.70385565682312,68.75814543874003
222.19587954518383,69.62925867545418
221.68572353363035,70.49007878780364
221.15167375743388,71.32600044898689
220.57328136742115,72.13648461230099
219.93763671875,72.90637939453126
219.22305809497834,73.62087899029254
218.43856113433839,74.22643534183501
217.5545163345337,74.69421923160553
216.59412387847902,74.95801630496979
215.59091796875,74.95826171875
214.81449161529542,74.39266635894775
214.5583036184311,73.4319227361679
214.52127452850343,72.42969198226929
214.63230469226838,71.43508657693863
214.84712703116242,70.46519830498843
215.12661590099336,69.49671289205551
215.44413330078126,68.55718383789062
215.79800797523,67.62145759921987
216.18110863350333,66.69534252744168
216.58983173765245,65.77981617618352
217.02344908237458,64.8725481915474
217.47708740234376,63.98153198242187
217.94627828486264,63.113635912276806
218.44142679274083,62.25012105733156
218.96075043044985,61.396919486038385
219.5103590678703,60.5481533014914
220.0811447143555,59.72228988647461
220.67124738519078,58.92551919011865
221.29615604400635,58.14315233230591
221.95528049685993,57.385266918246636
222.64772595882417,56.663176505565644
223.38152184009553,55.981453268527986
224.1555035992805,55.35730995379854
224.97743249915538,54.80463949006051
225.87385101318358,54.337270965576174
226.81311066411436,54.00866022270173
227.80973279051483,53.854982048831886
228.76448549747468,54.0465115070343
229.4125253295898,54.79396179199219
#
278.8731494140625,58.64416015625
278.1552599357068,58.28923273585737
277.55849765317515,59.10533051718958
276.96559166989056,59.89685244265828
276.35803861284853,60.68889764572145
275.73657008603215,61.47997369237244
275.11194267321144,62.25629403978935
274.4751908043376,63.028894976902514
273.8272783727944,63.796045909598476
273.16926779298115,64.55591321053915
272.5122648108005,65.29551190435886
271.8376157926023,66.03522238038481
271.14683106044305,66.77185694501735
270.4611595714092,67.48206793010236
269.7530242554774,68.19322659107974
269.03445407494905,68.89104977093638
268.29857055636126,69.57987115082331
267.55787813680246,70.24547663439996
266.7976868108474,70.89779630295001
266.0230938069336,71.52771104077809
265.24004170397296,72.1251187823806
264.4075420129299,72.7110333532095
263.57149620369074,73.23967633374035
262.68945556676016,73.71772003523074
261.76782845782117,74.10237210099585
260.793915566355,74.32017830647528
259.8034368377924,74.24880367696285
258.9455308389664,73.76810403347015
258.6300270181894,72.84041685044765
258.75143325805664,71.85289357185363
259.1012155342102,70.91886397480964
259.5552152442932,70.01834834694861
260.0279104594886,69.13883163288236
260.49773422362284,68.25489248378203
260.96954066887497,67.36722306475043
261.4366345942021,66.48841990828514
261.89962269356477,65.61734156394377
262.3738651096821,64.72508904337883
262.84189699606736,63.84452118158574
263.31450609087943,62.95534163594246
263.778785700351,62.081833409518005
264.2502063274384,61.19488987922668
264.7245818583667,60.30238691285253
265.19079716425625,59.42523681478342
265.6586341556651,58.54503563367529
266.1235767364502,57.670280075073244
266.59352914214134,56.78609889626503
267.0673275522888,55.89468174055219
267.5350481592119,55.01469952836632
268.0047963573039,54.130902551263574
268.47052246093756,53.2546728515625
268.9405078125,52.3704296875
269.22450051307675,51.656163793802264
268.42890625,52.2554443359375
267.7239071369171,52.957798587083815
266.95445861816404,53.60646858215332
265.9919235229492,53.63501159667969
265.01742793560027,53.34354182243348
264.05307830810546,53.171520385742184
263.0706271839142,53.3329959154129
262.3213809680939,53.98520996570587
261.8277529060841,54.85053718999028
261.33936986371873,55.72276923311874
260.85077946782116,56.595371601134545
260.3641633142531,57.46444805348292
259.8698924084008,58.34719557883218
259.3855359971523,59.212236224263904
258.8990590582788,60.08106404488906
258.40615881562235,60.96136362209916
257.9143912506104,61.83964028358459
257.4308197848499,62.70327904863284
256.93996375083924,63.579927753210065
256.45383917808533,64.44812626242637
255.95525011664256,65.30791982574388
255.42528117677196,66.16096495388076
254.87433804189786,66.99480368448421
254.2974713802338,67.8197736644745
253.70991203064102,68.61668005900458
253.09640703082084,69.40760145545005
252.46289687404408,70.18422363193707
251.80647112021222,70.94865504534914
251.1367600619793,71.6873938024044
250.44718697667125,72.40357727646828
249.73093014359472,73.09507619976998
248.9766550655663,73.75243616953492
248.1552734375,74.33980468749999
247.20672678053378,74.52494928538799
246.28159576416016,74.15467987060548
245.74704159259795,73.32584187984466
245.66494140625,72.35021484375
245.8478960901499,71.35411758363246
246.1244413614273,70.41004968166351
246.48551025390626,69.46714599609376
246.9155402690172,68.55944722831251
247.38328125,67.678125
247.8552870988846,66.7891453742981
248.31617671966555,65.92110214233398
248.78900808085686,65.03056774009019
249.2624238217622,64.13893271237612
249.7247625350952,63.26816024780274
250.19512989938258,62.38226655721665
250.66672046147283,61.49406908601523
251.13359944991768,60.614745430648334
251.6037083544582,59.72933852523565
252.07239609591662,58.84660824984312
252.5413720729109,57.96333510931582
253.01160103388128,57.07770208865405
253.48257080078125,56.19067382812501
253.9514255375415,55.30762903243303
254.41693028308453,54.43089363723993
254.88804860286416,53.5435855910182
255.35524699412287,52.66366036981344
255.81982421875,51.788671875
255.24781249999998,52.025156249999995
254.54036395072936,52.71296889781952
253.81343750000002,53.40421875
252.89338076770304,53.681137019395834
251.92576934814454,53.45981140136719
250.9573406600952,53.187634048461916
249.96899196624756,53.21919822692871
249.10285437762735,53.69853540301323
248.5578652381897,54.523977441787714
248.07531454086302,55.39892256736755
247.5894695746526,56.27984075343236
247.10953355938196,57.150045023113485
246.61932745043188,58.03887069040909
246.1402780175209,58.90746743798256
245.6551067760214,59.78716404845939
245.17671325117348,60.65457152500748
244.6954337120056,61.52721182823181
244.21033115148543,62.406783908605576
243.7229112124443,63.29055778384209
243.2389221191406,64.16811096191407
242.7594746758044,65.04171907298267
242.30276912525295,65.92871197544038
241.88163701131938,66.82541919909417
241.4959904126823,67.75552197553218
241.1658701620996,68.70470337577164
240.90739783778787,69.66453182213009
240.729055775404,70.64785723268986
240.6378120136261,71.63868356227874
240.63167288780213,72.65179188728332
240.83312927246092,73.62609680175781
241.25277569770813,74.51791556358337
241.90294706225393,75.27581790566444
242.74669372558594,75.80475891113281
243.70655764579772,76.0759780216217
244.70723924212155,76.127390152961
245.7067358569056,76.05918744906784
246.69258143901826,75.8728558063507
247.63076329052447,75.5444567668438
248.51327127970757,75.06663786277176
249.3159542442113,74.4774434582889
250.0595441759378,73.81134665414692
250.76690044797954,73.09481505975127
251.4403618764598,72.36311167953536
252.10842905946075,71.6109498719871
252.76034086644648,70.86682275414466
253.4222210163623,70.11137213036417
253.7346872743964,70.44876799538731
253.887393245697,71.43425908088685
254.11780332565306,72.41822793006897
254.44269402354956,73.36480725005269
254.887271938324,74.2491726398468
255.50199569702147,75.0519507598877
256.27590693563224,75.66216978624462
257.2103766942024,76.0313934457302
258.1949937093258,76.12940710186959
259.200417984277,76.05336543425918
260.1693603076041,75.86805389925837
261.1341656414629,75.58460330431117
262.0671497713891,75.22462314689298
262.96536860466006,74.8044463443756
263.8510445892811,74.32437250494957
264.70983638847247,73.80046452043578
265.5400419048034,73.2424768150039
266.34027837917205,72.65918180122972
267.1333709997125,72.03914373388514
267.89404001237824,71.40687889745459
268.6449194055982,70.74804580083116
269.3844967282004,70.06657388737425
270.1112595290132,69.36639260044322
270.81268142131853,68.66269632774637
271.4987779037655,67.94842650309205
272.17858757182955,67.21585055962206
272.859916490931,66.45716258516535
273.50975022481055,65.710923431532
274.15590493215245,64.94708822006359
274.785364932809,64.18200829071924
275.42092453317713,63.388287930842495
276.030666443028,62.60636040363228
276.6335498835146,61.81289020702242
277.2272160794772,61.01078822193667
277.8176701414585,60.1909879386425
278.39372938230633,59.36733510121703
#
296.49326171875,58.64416015625
295.78244915500284,58.29127411618829
295.18739526867864,59.09625164151192
294.5812721632421,59.903420712798834
293.98230907216663,60.6930467607081
293.3759739649296,61.4866365969181
292.7577779524028,62.291203271597624
292.14963514385744,63.07909183530137
291.53631185725334,63.87067754223943
290.9243798828125,64.6578564453125
290.3106821668148,65.44495972037316
289.6907298862934,66.2378522503376
289.07910736724733,67.01787192746997
288.4603020524978,67.80535042583942
287.8139823895693,68.56675419397651
287.1308531504869,69.30161799676715
286.42094575583934,70.0086393725127
285.68351318359373,70.6921920776367
284.9321626663208,71.34060280323028
284.1570260620117,71.96089153289795
283.34557397663593,72.55693188495934
282.5073391741514,73.11223335675895
281.65356447696684,73.60809201300144
280.7552540969848,74.04145767688752
279.814009976387,74.37509246170521
278.82788732051847,74.54523483216762
277.89140625,74.24109374999999
277.24625000000003,73.48875000000001
276.8133704930544,72.59858159244061
276.631341791153,71.62098452568054
276.83241812586783,70.6421400988102
277.2289298915863,69.72733723640441
277.7015625,68.8509375
278.203182554245,67.97654999732971
278.6952206403017,67.1163064700365
279.19958501160147,66.2343154412508
279.69086780250075,65.37520040690899
280.1886140476912,64.5047826140374
280.690257191658,63.62755024433135
281.1825245098677,62.76671354941092
281.6805270165205,61.89584762752056
282.17002451457085,61.039854566827415
282.672017987445,60.162009570673106
283.1677671704441,59.295084076300256
283.6605857104063,58.433283450007444
284.1615487545729,57.55724038302898
284.6553105805069,56.69379021562636
285.1542019288987,55.82136996023357
285.65020935833456,54.95399286568165
286.1443466186523,54.08988616943359
287.141806435287,54.08
288.14722587823866,54.08
289.141001817286,54.08
290.14446314573286,54.08
291.1470887875557,54.08
291.9074599933624,53.73482268333435
292.0578652381897,52.95
291.0555323672295,52.95
290.0632341003418,52.949999999999996
289.0650138393045,52.95
288.0619178882241,52.95
287.0599081873894,52.95
286.8694203078747,52.47771367430687
287.3605002931319,51.61686408324167
287.8585292211734,50.74383318824694
288.3557373046875,49.8722412109375
288.8507538609207,49.00449092015624
289.3436467965507,48.14046327738092
289.84330438503997,47.26457738580182
290.3295574265905,46.41218929314986
290.8276522731781,45.53904284477234
291.32967404618864,44.65901260331273
291.8163004052639,43.80597009539604
292.318169670254,42.92620719626546
292.8166357052326,42.052410064935685
293.3089948627912,41.189318120311945
293.8048831653595,40.320039682388305
293.910546875,39.68
293.1102304930962,40.04210155043634
292.55827973550186,40.87145497980528
291.993927680403,41.71218585796654
291.4350334758568,42.53581206159084
290.86254536405204,43.36799824364483
290.2993778324686,44.17266851994209
289.7153125,44.98921875
289.12586024448274,45.79066274963319
288.5099948029779,46.598636993123215
287.8908307862468,47.37496858746745
287.2452040915191,48.139995527490974
286.56934470906856,48.886662045791745
285.87457669524474,49.59327368839644
285.1382358264923,50.27587801456451
284.3737270963192,50.91937497317791
283.5852938895859,51.52558994469233
282.77045426368716,52.10588798999787
281.9316204734147,52.6692979118973
281.0229125976562,52.95
280.02820159912113,52.95
279.02703125,52.95000000000001
278.01610311031345,52.95
277.01744842529297,52.95
276.0252017211914,52.95
275.12951347351077,53.22354147911072
274.4075,53.903437499999995
274.9684976947308,54.08
275.97605468750004,54.08
276.96248113036154,54.08
277.9680740465224,54.08
278.9748203170299,54.08
279.68171993494036,54.25775310397148
279.2341982913017,55.1588439810276
278.7924324035645,56.0483455657959
278.34447893708943,56.95030592396856
277.9050006374717,57.835201419144866
277.4557386687398,58.739796464294194
277.0093189612031,59.638668578118086
276.567429561615,60.52841885566711
276.1218957519531,61.42550720214844
275.67450052022934,62.326343547105786
275.2305056080222,63.220333302766086
274.7880415987969,64.11124056458473
274.3445534920693,65.00420986056328
273.9011787414551,65.89695091247559
273.45272927582266,66.79949427247048
273.0285709494352,67.69875437140465
272.6647268229723,68.62487852692604
272.4091940307617,69.59477478027344
272.28721940934656,70.58350337862969
272.28480869457127,71.59463030390442
272.4361146450043,72.57591748714448
272.7540087890625,73.52123291015624
273.2387916754186,74.3927285822481
273.8957025158405,75.15389224350452
274.7084375,75.73609374999998
275.6480645751953,76.07214874267578
276.6422813403607,76.12238869547843
277.6307475079037,76.03877048427238
278.6214221264422,75.86774253502487
279.5887399494648,75.62017357945442
280.53381545498974,75.30273999050259
281.46113234525546,74.91846194108948
282.3508332061768,74.4807007598877
283.2241429401748,73.98313944844529
284.0634890251048,73.43891080887988
284.86537547275424,72.8554847793281
285.6542928874493,72.21746191859245
286.38733411356804,71.56409965679049
287.1170662689209,70.85176658630371
287.8015540906228,70.12332163462415
288.45341942191124,69.37112531065941
289.072058645729,68.6002573926188
289.6858589321375,67.81443928778171
290.3275025606155,67.02675697803497
290.95084192752836,66.24997808933257
291.5735213648528,65.4631951611489
292.1893505185842,64.67395356595516
292.7963025535922,63.88428548569791
293.39523732797244,63.0921172643546
293.9924248486757,62.28745675384998
294.5778586655855,61.48154650032521
295.1600620088633,60.65942787691019
295.719944197312,59.843970540538436
296.2710200008005,59.009263440594076
#
309.62998707324266,43.792091568186876
309.42875,42.83203125
308.85621387720107,42.00779463350773
308.02535243749617,41.46489880979061
307.0667858886719,41.253483581542966
306.06269781470303,41.35827339291573
305.1389208984375,41.7315673828125
304.3359683001041,42.33021671175956
303.7113655698299,43.09164360165596
303.28307551637295,43.99894846603274
303.10400517344476,44.97843795418739
303.21824071407315,45.972942428588865
303.646988978386,46.85821128845215
304.35830078125,47.56953125
305.25615276634693,47.98996506690979
306.2559723234176,48.06148882865906
307.1914243555069,47.78010918617248
308.02783366024494,47.22342374920845
308.707750582695,46.48637103080749
309.2185529470444,45.62162550926208
309.5329745608568,44.684492331743236
314.04518211364746,58.57769622802734
313.31980651855474,58.36802459716797
312.6657038823701,59.12467822090722
312.0086950933933,59.86974347174168
311.3365781651437,60.62231462918222
310.6674175259657,61.36379536029882
309.9955136617087,62.101330078681926
309.3190404188447,62.837179045556105
308.6394215707038,63.569798021327
307.9547594431601,64.30106295875274
307.2714251978719,65.02393341676914
306.57331317707894,65.75493213824927
305.8863582883798,66.46642499776208
305.1818839252019,67.18743800112628
304.485596576687,67.89077978215181
303.77916188394653,68.59402006379328
303.0556275849044,69.30226865105331
302.34129298450426,69.98805422496982
301.6088718581409,70.67525503358455
300.8755419581197,71.34434484451077
300.1192687242665,72.01041340344585
299.3529503772338,72.65434048718889
298.5672292745113,73.27197887837886
297.752080666516,73.8478498157952
296.880916965697,74.34227829129435
295.91027099609374,74.53963623046874
294.990671043396,74.18271617889404
294.4398124742508,73.36934702396393
294.3276171875,72.37458984375
294.47,71.40375
294.757561416626,70.44097263336181
295.18366538628936,69.53352290019393
295.65179838463666,68.64195795580744
296.11713774705305,67.75571352476254
296.5800568304956,66.87407854422926
297.0446221601963,65.9893082678318
297.5118364551105,65.09949300521984
297.96812945993616,64.23047747137025
298.4366258103284,63.33822051862953
298.90502146368846,62.44615534460172
299.3680086644064,61.56439063389553
299.835,60.675000000000004
300.2950407929532,59.79884675843641
300.76497853631156,58.90384465539828
301.2266671731137,58.02455307533964
301.68890280723576,57.14421973228454
302.15816354488953,56.25050699478015
302.6253778398037,55.3606917321682
303.0899431695044,54.47592145577073
303.55286225294697,53.59428647523746
304.0182016153634,52.70804204419255
304.4795055878162,51.829483062028885
303.95733642578125,51.96801910400391
303.22346422672274,52.648232308030124
302.51797580718994,53.353455605506895
301.67907638549804,53.8488969039917
300.8062561035156,53.430960998535156
299.83689575195314,53.192624816894536
298.8373529732227,53.18721940934658
297.9298431396485,53.54635040283203
297.37011168122297,54.37297470271587
296.8937120176666,55.24966574413702
296.3968668524921,56.123844818323846
295.89559234127404,56.98694672808051
295.3915084731579,57.846209381818774
294.88313219258566,58.711828280482436
294.37700046839194,59.579272137600924
293.8789823246002,60.44440484046936
293.3943099607527,61.30346775427461
292.90880283372485,62.18786292122677
292.4375,63.0775
291.9856939504854,63.96936953498051
291.5586771760881,64.86046207055449
291.1468623640947,65.7824456286244
290.77347480773926,66.69696235656738
290.4272791004181,67.65139241218566
290.1330062777736,68.60631690958515
289.89797629714013,69.57271207213401
289.73613195315005,70.55904276028275
289.6703482135944,71.55515897331759
289.74349225878717,72.55507953941822
290.00675178527837,73.51236095428467
290.4816783905029,74.38086109161377
291.1728564453125,75.11321533203125
292.01901104569436,75.64575921475887
292.95933267235756,75.97504998147488
293.9555999755859,76.11960968017577
294.94793485421684,76.07584755658172
295.90961950302125,75.8217129945755
296.82358072549107,75.43579254709184
297.71637496948244,74.95472202301025
298.5537560893223,74.42822513901628
299.3802980613708,73.84905357837677
300.16938888549805,73.24900882720947
300.9549213058129,72.6119305751007
301.7126791405678,71.9642268294096
302.459619140625,71.29735107421875
303.19309754241254,70.6177696866449
303.9108009115979,69.93129000739195
304.62134676405697,69.23252237842534
305.3337020683289,68.514452958107
306.02505137603265,67.80211732583703
306.71522105868905,67.0769947197754
307.3922404127941,66.35310943123885
308.0758649430284,65.61045526730712
308.743687369884,64.87444484035368
309.415175794065,64.12469304688275
310.0784308060771,63.37531817153213
310.7320329131559,62.628969294717535
311.38435376405715,61.87695874154568
312.0429321196675,61.11120953701436
312.6861897277832,60.35764827728271
313.3397169283079,59.58713236293173
313.9816842680099,58.82625230093836
#
341.8799870760739,28.192089853808284
341.690492566824,27.223440662026405
341.1851630687714,26.367603421211243
340.4203125,25.73203125
339.4499261145946,25.5022635855712
338.48211937401794,25.70813403200591
337.5719923824072,26.11247085213661
336.71198169800334,26.619048057750334
335.880307245627,27.194867573827505
335.098377194925,27.797998257663565
334.3322545430914,28.437609242319596
333.581734270593,29.104664417776803
332.8443024396896,29.794676103591918
332.134060501965,30.4885430977284
331.4275968738075,31.204899036635176
330.74658893704765,31.918443272600413
330.0651719513924,32.653675785411906
329.39476393126535,33.39674611346563
328.7273153710121,34.15514512675116
328.0741375436541,34.91468510353938
327.43667773879133,35.6720471006073
326.7961385434028,36.44875067139044
326.17355117452684,37.218528106084555
325.54978022277356,38.004306346178055
324.93573001501136,38.79199920014624
324.3221465223178,39.593148451328744
323.7198529157613,40.393313495914924
323.1295302004837,41.19095654819655
322.54185155075976,41.99840564606711
321.9575405206422,42.814748770713045
321.38711683118527,43.62504081566847
320.81162406899966,44.456323705073444
320.25126775678365,45.27953943981556
319.6969391107559,46.10785468101501
319.1493255141366,46.94040300213965
318.60911435014566,47.776317976657296
318.0678934914358,48.6292054288552
317.5357673666149,49.483768047050106
317.0222264248412,50.324595430213954
316.5016935348511,51.19427070617675
316.0011929360138,52.04838670948142
315.5045089445433,52.914950619477025
315.0130418138113,53.79287685612216
314.53597642725146,54.66669479158736
314.0666720245099,55.54958922313497
313.606748746807,56.44022005511215
313.15792222610327,57.33713815187802
312.7220069143521,58.23878114137769
312.3009194655977,59.14346915210626
311.8966821709182,60.04940048346296
311.5004881492059,60.98104126912774
311.1322011947632,61.89600074768066
310.77455290823127,62.84341752085136
310.4467353188629,63.78103419901716
310.1408006138634,64.741996683646
309.87084470851914,65.69663287439296
309.6371912746399,66.66247850026237
309.4457997259997,67.65266809811263
309.3136298719328,68.63447832914069
309.2516797299031,69.6440673241578
309.27638392448426,70.63034121513367
309.3913747310638,71.63111845970154
309.60892533138394,72.60435749247671
309.94764390587807,73.54067600846291
310.4326865375042,74.4162989127636
311.08438504114747,75.17815025106073
311.9078125,75.75593749999999
312.8393085002899,76.07330668449401
313.8325312715769,76.12432160675526
314.8299030536134,76.0084079875145
315.8031599136442,75.80804806761444
316.7730653142929,75.51844012737274
317.70243446477684,75.15302062046713
318.59408466362396,74.7185008999426
319.4686756268982,74.20993637484499
320.2921955915447,73.65466475444846
321.0852356058359,73.04863124191762
321.84981151580814,72.3973424911499
322.57069659985603,71.72271444983781
323.2838657289744,70.9975393038988
323.95681373775005,70.26095164239406
324.6078939482104,69.50058324194514
325.23825783872053,68.7205219801981
325.84069390537564,67.93562844201806
326.43260204491554,67.12803797355737
327.006501474242,66.31172278733575
327.57125830627047,65.47765801462344
328.1110959482193,64.6531230211258
328.65106843956744,63.803012889744714
329.17526442625564,62.95476515633054
329.69226690951854,62.09728703648434
330.20243973582865,61.23211311716004
330.7061083611101,60.36071613959968
331.1952519566275,59.49926515560946
331.64421875000005,58.62765625
330.9659674406051,58.330031957626346
330.48729727089403,59.22663088440895
330.0063627518062,60.09144297586754
329.50417420053265,60.959886789980814
328.9887914971262,61.81774949386716
328.46151213092384,62.663226102360056
327.9159883646167,63.50610987843247
327.36091784260816,64.3325176786934
326.7897792444378,65.15165192559361
326.203666054355,65.960734345112
325.5957540350314,66.76725343121215
324.98338204906315,67.54682196678593
324.35192669577896,68.31655959263445
323.6948306735826,69.08082245745463
323.02206935882566,69.82411064147949
322.3277838989068,70.54866637000814
321.62267189801673,71.23872548194602
320.87819787301123,71.91461095169186
320.09939086437225,72.55961440086364
319.307672534585,73.14415104985237
318.4514776173979,73.68550267770885
317.5599588182103,74.13246924599633
316.6120937591791,74.44786685109138
315.62594540119164,74.54207224845887
314.7474509000778,74.09405751228333
314.26313991069793,73.22993474006654
314.2121011352539,72.25054107666016
314.3010164722055,71.24478644870221
314.4558094358444,70.26490882396698
314.6639725112915,69.28987125396728
314.91815136271526,68.31083598594181
315.2038852375745,67.35303796947002
315.51771739959713,66.40492290496826
315.8526436925586,65.47195377170108
316.2166414678376,64.5225923147332
316.590685602501,63.59827216811478
316.9766341354791,62.68554248065688
317.37728336085564,61.77186591294594
317.78765597991645,60.86350945584476
318.2097651731316,59.9510886103008
318.636650974676,59.044366447255015
319.06687780357896,58.14001592434943
319.4952411434799,57.24074130572379
319.9219539780635,56.333423524396494
320.57109335839743,55.619149242639544
321.4171007491741,55.10168448871002
322.2654816847388,54.55942352226004
323.09439487905246,54.00617676412687
323.9039368916396,53.44263801237569
324.71371484577656,52.85505566477776
325.5223548860103,52.24346700593829
326.30996555328363,51.62288352966309
327.07665862731636,50.99410839393735
327.84005244179633,50.3427145546116
328.58175785064697,49.68443809509277
329.3183865147829,49.004627426862726
330.0485316655319,48.303808373082425
330.75532725222405,47.59834925696254
331.4389107590262,46.88923792770133
332.1282422377914,46.14578154459596
332.7925591083895,45.40054420532659
333.44535459528674,44.63878247113899
334.07238993222825,43.87753597857431
334.6983391133789,43.086411333885046
335.2967063848581,42.298501707855614
335.8899521841388,41.48394281761721
336.46433749414985,40.660384427160025
337.01836366832254,39.82986727833748
337.5505255775247,38.99462720995769
338.0680968564749,38.14227801918983
338.5758889389038,37.26183448791504
339.05355107716287,36.38671899298206
339.5063889938593,35.50667832732201
339.9432577382494,34.60026702312753
340.3509309899714,33.689221457485104
340.73301361083986,32.75803527832031
341.0788878250122,31.82104606628418
341.38671365261075,30.863944330215453
341.6369106245041,29.916180238723754
341.8218957978487,28.918430012464523
338.6375830888748,28.932787442207335
338.47447717108764,29.91330559805967
338.2164091110229,30.869648551940916
337.9002684820991,31.82451829538564
337.5500781965255,32.7576692533493
337.16991794915754,33.68372511957656
336.7620888429973,34.60884557881392
336.34208262211644,35.506598653486
335.8986653525382,36.40650279410183
335.44361786886236,37.28767769832281
334.9664800575876,38.17225412506959
334.4779596919834,39.04128113856422
333.97275745391846,39.90505268096924
333.4529345774557,40.76005378863774
332.9204487494763,41.60308752023732
332.3672789037972,42.446033403351905
331.80439601801334,43.271373837813734
331.22298166252665,44.091230998411774
330.63459887273723,44.88852195997839
330.0296985063609,45.67540849744343
329.39752468246036,46.46329226086847
328.76133813473746,47.221461427233876
328.09870451385507,47.97485010073869
327.42176280410376,48.706846703145416
326.71877294423984,49.42718239481561
326.00244423032854,50.11976218631607
325.2606297077692,50.79308904722216
324.49346497058866,51.44247486591339
323.70115774460135,52.06288779862225
322.8974775165319,52.63971305787563
322.05598789931275,53.186479218984026
321.9103265732667,52.854289106200454
322.28686332255603,51.92187696129084
322.67575306833254,51.003351864838045
323.07518102234695,50.095143322055236
323.49347088020295,49.174124558828765
323.91202551688997,48.27769835185259
324.341794228754,47.37932455103378
324.78015232256143,46.48289973691571
325.23318297106306,45.575085856630466
325.68183606957547,44.69278763468842
326.1412360728486,43.805109652034005
326.60998049133923,42.91459367542993
327.07743362694976,42.04089944273233
327.560546875,41.152265625
328.0393941295566,40.28530770978424
328.5313736141333,39.408528537456874
329.0257390081184,38.54152244473342
329.53061414718627,37.670532283782954
330.0350259252591,36.81502641668077
330.546941483696,35.96208951393608
331.07400114808695,35.10053507080767
331.6046946337819,34.250857125818726
332.1368190506473,33.41793952871114
332.6857679897221,32.58025248630438
333.2474893220933,31.748001947537993
333.8171331659332,30.932980411536988
334.4049203740433,30.1273859841004
335.0239831687883,29.325659590698777
335.6576754391566,28.56797918457538
336.35798447709533,27.833559227250518
337.14801102131605,27.221368430554868
338.0754658222198,27.251579341888426
338.5797046661377,28.093727874755857
#
362.79326171875,58.64416015625
362.0852599357068,58.28923273585737
361.4884976531751,59.10533051718958
360.8858293306827,59.90972925722599
360.27820384828374,60.70156497570686
359.66657008603215,61.47997369237244
359.0320078773796,62.268492706492545
358.3952294059098,63.040833551362155
357.7572783727944,63.796045909598476
357.0992677929811,64.55591321053915
356.44226481080057,65.29551190435886
355.7676157926023,66.03522238038481
355.07683106044306,66.77185694501735
354.3814079523203,67.49201631657895
353.6733799120225,68.20275300391951
352.964454074949,68.89104977093638
352.2285705563612,69.57987115082331
351.48787813680246,70.24547663439996
350.7276868108474,70.89779630295001
349.9530938069336,71.52771104077809
349.1533452166617,72.13739113844932
348.33754201292993,72.7110333532095
347.50149620369075,73.23967633374035
346.6055854034424,73.72446918487549
345.6854132090509,74.10655263625085
344.723915566355,74.32017830647528
343.7201583862305,74.24588592529297
342.8692544698715,73.76810403347015
342.550027474761,72.84041685044765
342.674272108078,71.85289357185363
343.0285357177258,70.91886397480964
343.48490499854086,70.01834834694861
343.9576922953129,69.13883163288236
344.4270230649412,68.25489248378203
344.88887844756243,67.38503250369803
345.36493823051455,66.48841990828514
345.82744050815705,65.61734156394377
346.30118529319765,64.72508904337883
346.7687260653265,63.84452118158574
347.2408392429352,62.95534163594246
347.7046316754818,62.081833409518005
348.17555763244627,61.19488987922668
348.6424652654492,60.3155144737917
349.11516149042177,59.42523681478342
349.582507572081,58.54503563367529
350.0469622802734,57.670280075073244
350.5164215564728,56.78609889626503
350.9897228014469,55.89468174055219
351.4569526207447,55.01469952836632
351.92620790362355,54.130902551263574
352.39992619648575,53.238699926156556
352.8609375,52.3704296875
353.1445535224676,51.656163793802264
352.3509204101563,52.2554443359375
351.63727783203126,52.968588867187506
350.87757427215575,53.60646858215332
349.89634079933165,53.63071175575257
348.9468669414521,53.34354182243348
347.9576631259918,53.17085976600647
346.9792000579834,53.33927425384522
346.24902440071105,53.98520996570587
345.7479058086872,54.866896139383314
345.2615109145641,55.73409250617027
344.77843491211536,56.595371601134545
344.2829392828047,57.478793723136185
343.7958682515658,58.34719557883218
343.3106824629009,59.212236224263904
342.8148769378662,60.09621086120605
342.32962826564903,60.96136362209916
341.83701863288877,61.83964028358459
341.3458627641201,62.71532502055168
340.86092259287835,63.579927753210065
340.3739656150341,64.44812626242637
339.8672784042359,65.3232985687256
339.3477222334873,66.16096495388076
338.78767852783204,67.00949523925782
338.22141139507295,67.8197736644745
337.62384815372525,68.63038565889
337.01043953330253,69.42068327868358
336.3769249231368,70.19657913520932
335.7305760308076,70.94865504534914
335.0604201596975,71.6873938024044
334.370237365365,72.40357727646828
333.6446492136363,73.10297950128093
332.8831708317995,73.76447600483894
332.07568359375,74.33980468749999
331.1145075035095,74.52293536663055
330.20589233398437,74.15467987060548
329.66837507247925,73.32584187984466
329.58741178035734,72.33110162258147
329.7717909854651,71.35411758363246
330.0580290466547,70.39062897741795
330.4145874023437,69.46714599609376
330.84551824748513,68.55944722831251
331.31328125000005,67.678125
331.7852870988846,66.7891453742981
332.25578231401744,65.90301088839769
332.72436501674355,65.02047844380141
333.1924238217622,64.13893271237612
333.6547625350952,63.26816024780274
334.1251298993826,62.38226655721665
334.59672046147284,61.49406908601523
335.06359944991766,60.614745430648334
335.53370835445827,59.72933852523565
336.00239609591665,58.84660824984312
336.4713720729109,57.96333510931582
336.94160103388134,57.07770208865405
337.4125708007813,56.19067382812501
337.88142553754153,55.30762903243303
338.3469302830846,54.43089363723993
338.8180486028642,53.5435855910182
339.2852469941229,52.66366036981344
339.74982421875,51.788671875
339.1721875,52.025156249999995
338.46286578178405,52.71296889781952
337.73781249999996,53.40421875
336.8118747234344,53.67987055778504
335.85226745605473,53.45981140136719
334.8847379302979,53.187634048461916
333.8989919662476,53.21919822692871
333.0254435348511,53.706384811401364
332.48150528296827,54.53496645942331
331.9986674477718,55.408877212647354
331.51068549156184,56.2920985507965
331.03666796073315,57.150045023113485
330.5455895989202,58.03887069040909
330.0656877648831,58.90746743798256
329.57965322935956,59.78716404845939
329.10040847048157,60.65457152500748
328.61827256202696,61.52721182823181
328.1323068296909,62.406783908605576
327.6440195953846,63.29055778384209
327.15916931152344,64.16811096191407
326.6810794668644,65.04171907298267
326.2264655973762,65.92871197544038
325.8071833171696,66.82541919909417
325.42313887037335,67.75552197553218
325.0942866206914,68.70470337577164
324.8366979353875,69.66453182213009
324.6588599687815,70.64785723268986
324.567795920372,71.63868356227874
324.56167288780216,72.65179188728332
324.7631292724609,73.62609680175781
325.1888107816875,74.52737871661782
325.83294706225394,75.27581790566444
326.67669372558595,75.80475891113281
327.6365576457977,76.0759780216217
328.63723924212155,76.127390152961
329.6367358569056,76.05918744906784
330.62258143901823,75.8728558063507
331.5607632905245,75.5444567668438
332.4432712797076,75.06663786277176
333.2459542442113,74.4774434582889
333.9895441759378,73.81134665414692
334.69690044797954,73.09481505975127
335.3703618764598,72.36311167953536
336.0384290594608,71.6109498719871
336.6903408664465,70.86682275414466
337.35222101636236,70.11137213036417
337.66336082518103,70.44876799538731
337.81437351226805,71.43425908088685
338.0436211013794,72.41822793006897
338.3678902727366,73.36480725005269
338.8122784805298,74.2491726398468
339.4269766235352,75.0519507598877
340.21184570789336,75.66875308632851
341.13333255290985,76.0313934457302
342.1151099830866,76.12940710186959
343.1216472815722,76.05336543425918
344.10365371252993,75.86507393085631
345.069255713746,75.58040750727056
345.99053229542335,75.22462314689298
346.90147527872693,74.79821201615269
347.7751389473677,74.32437250494957
348.63412958360277,73.80046452043578
349.46444724046626,73.2424768150039
350.2647225046902,72.65918180122972
351.05779099348,72.03914373388514
351.83019231429205,71.39677872122962
352.58078023387,70.73756167398533
353.3085448041838,70.06657388737425
354.0351022649091,69.36639260044322
354.7362912042497,68.66269632774637
355.4328841910569,67.9370239436929
356.11212830663317,67.20436911869095
356.782677513389,66.45716258516535
357.44201843559745,65.6994719851017
358.0780262737442,64.94708822006359
358.71620161705533,64.1708568935818
359.34237673486587,63.388287930842495
359.95988800048826,62.595835571289065
360.5619024099375,61.80282621861669
361.15464833523026,61.00131271984195
361.7379283040762,60.1909879386425
362.3137974154204,59.36733510121703
#
381.31326171874997,58.64416015625
380.6163023948402,58.29951392486226
380.0863040354103,59.15244810730219
379.5412963867187,60.005126953125
378.99137994510124,60.83902708750218
378.43716557991695,61.65110519986601
377.8541226575908,62.47308850872796
377.25263737685975,63.284525129497055
376.64206910669805,64.06836452245713
376.0075390340702,64.83845047710929
375.3429858398438,65.594306640625
374.6573916105181,66.31786439031363
373.9440939859767,67.008474974446
373.1893631881476,67.66922325372697
372.407309666276,68.27822641134262
371.5689477008116,68.84772289145738
370.71269563198086,69.34512613296508
369.8066277853493,69.78710380431265
368.8851110103447,70.15948259394617
367.94092971265314,70.47532715082168
366.9662379204482,70.74910389214753
365.99598405815664,70.98664307922125
365.71410549998285,70.66238491773605
366.0329362921417,69.71925078362227
366.285110527277,68.7460792183876
366.48951149955394,67.76808664947748
366.65108763694764,66.7925984764099
366.77155742272737,65.79568549722434
366.8399612654746,64.79518421560526
366.8344306148589,63.795329560264946
366.72258353829386,62.791841248869886
366.53714714050295,61.811332588195796
366.2995880790055,60.84459143273533
366.018575655669,59.87715091057122
365.7118166744709,58.94035752952099
365.37432236075404,58.001865835785864
365.00745802596214,57.061038086339835
364.619451379776,56.143321318626406
365.0827249193937,55.27620006881654
365.5946393251419,54.41040376186372
366.0631099939347,53.54638446331024
366.4754500454664,52.621723590493204
366.770652372241,51.67288061201572
366.9189105067402,50.68225705735385
366.77818195343013,49.70376636505127
366.0067355489731,49.11641805171966
365.0174941790104,48.98018509864807
364.038949880451,49.176944078207015
363.20838696479797,49.70258247375489
362.5497715914249,50.4545530796051
362.0481062602997,51.33193046569824
361.6775197851657,52.26104088783264
361.406030062437,53.22462824821472
361.2187861950695,54.20485909581184
361.1075318813324,55.19031761169434
361.0700163437426,56.18757308661938
361.12259039208294,57.18896906912327
361.2658370099962,58.18546840488911
361.4759555530548,59.15353481292725
361.73476338386536,60.11598171234131
362.01586723327637,61.07369537353516
362.2859145514667,62.045851436257365
362.4751796722412,63.03168487548828
362.47217825591565,64.0301266783476
362.33502389490604,65.00512560904026
362.105479202196,65.99166404061019
361.7980479954929,66.94004738621413
361.4020177859068,67.85832531630993
360.9003051966429,68.72949862182139
360.28353635780513,69.50279385857284
359.50168670654296,69.987744140625
358.6573184841871,69.44990758895875
357.8944627892226,68.80353044271469
357.1428614377976,68.13990097045898
356.36747256338595,67.52731218338013
355.5055956315994,67.02322769165039
354.54081417143345,66.75980272293091
353.54228515625,66.84146484374999
352.62066810548305,67.22518350183964
351.8585388898849,67.85880985736847
351.28689453125,68.66748046875
350.90777555875485,69.60135352380574
350.73363762669265,70.5829603946954
350.7468087673187,71.57650693655016
350.915703201294,72.57246187210083
351.25255432128904,73.49815872192383
351.78202891469004,74.34520515948535
352.4898116779327,75.053268597126
353.3280281734467,75.58817424535752
354.2534541606903,75.95601824522019
355.23535996437073,76.17695753335953
356.2235540521144,76.27133402436972
357.23628444820645,76.26271944195032
358.22287535429,76.15441298246384
359.2039412227273,75.94518151432275
360.1530983266234,75.64217282384634
361.06512695312495,75.252626953125
361.9506005033851,74.77560136169195
362.78500404030086,74.22885144859552
363.5753602638841,73.61357122808695
364.322425634861,72.9309459900856
364.99897627979516,72.20920338779689
365.96489187419417,72.00487639367581
366.9417584806681,71.81711836159229
367.917483916441,71.57781149466521
368.8674690944422,71.2797547491733
369.79317402362824,70.91555578708649
370.69522983141246,70.48174611903727
371.5735422256869,69.97829419537447
372.39653294731863,69.43016434558668
373.1922997068614,68.82771347723902
373.9591001933068,68.17875021122396
374.69487436954864,67.49260143720545
375.3973208751064,66.77975275008939
376.0639686536789,66.05151135921477
376.71869930896094,65.28791757389553
377.35147826078355,64.50512647046708
377.9514771934599,63.72297682575881
378.54454622350636,62.91246138028801
379.1204848536698,62.09053733788314
379.6780669004761,61.262858406227316
380.2259165468265,60.41971690180362
380.7532458943129,59.58080909192562
381.2791858897358,58.718025128915905
365.96032144367695,51.393397002220155
365.72233917236326,52.366901855468754
365.3293412476778,53.282736372947696
364.8382361906767,54.155409684181215
364.29349639892575,54.992331542968756
363.88724822998046,54.500220108032224
363.72628376007077,53.51883673667908
363.7181298542023,52.520600881576534
363.89213093876833,51.52956001639367
364.2358894979954,50.593457268476485
364.8072216796875,49.7933056640625
365.7391806030273,49.807862243652345
358.7647105932235,71.00203930377958
357.94072708785535,71.55992217600345
356.9669083148241,71.76128405034542
355.9704763382673,71.71230675280094
355.0025738316774,71.46945811629296
354.1232978391647,70.99064652442932
353.57898712158203,70.17408142089843
353.55088901519775,69.1923365020752
354.09326171875,68.3583984375
355.02807395935065,68.1120269393921
355.93786277770994,68.51829586029052
356.69471900105475,69.15215749561786
357.4372150528431,69.82000101864338
358.2428402411938,70.43341221034527
#
